id,label,features,file_name,csv_name,attack,dataset_name,model_nameACC,model_name,ACC
exp_2530,success_rate,L2 L1 Linf L0 uqi ergas sam,bim0.10.1_succ,gen_list_1,bim,cifar,,conv12,0.006421883876544489
exp_2530,success_rate,L2 L1 Linf L0 uqi ergas sam,bim0.10.3_succ,gen_list_1,bim,cifar,,conv12,0.0052944471711911505
exp_2530,success_rate,L2 L1 Linf L0 uqi ergas sam,bim0.10.3_miss,gen_list_1,bim,cifar,,conv12,0.018275143075281563
exp_2530,success_rate,L2 L1 Linf L0 uqi ergas sam,bim0.10.5_succ,gen_list_1,bim,cifar,,conv12,0.0052944471711911505
exp_2530,success_rate,L2 L1 Linf L0 uqi ergas sam,bim0.10.5_miss,gen_list_1,bim,cifar,,conv12,0.018275143075281563
exp_2530,success_rate,L2 L1 Linf L0 uqi ergas sam,bim0.10.7_succ,gen_list_1,bim,cifar,,conv12,0.0052944471711911505
exp_2530,success_rate,L2 L1 Linf L0 uqi ergas sam,bim0.10.7_miss,gen_list_1,bim,cifar,,conv12,0.018275143075281563
exp_2530,success_rate,L2 L1 Linf L0 uqi ergas sam,bim0.10.9_succ,gen_list_1,bim,cifar,,conv12,0.0052944471711911505
exp_2530,success_rate,L2 L1 Linf L0 uqi ergas sam,bim0.10.9_miss,gen_list_1,bim,cifar,,conv12,0.018275143075281563
exp_2530,success_rate,L2 L1 Linf L0 uqi ergas sam,bim0.10.01_succ,gen_list_1,bim,cifar,,conv12,0.0018304088558202915
exp_2530,success_rate,L2 L1 Linf L0 uqi ergas sam,bim0.10.03_succ,gen_list_1,bim,cifar,,conv12,0.002933919128796562
exp_2530,success_rate,L2 L1 Linf L0 uqi ergas sam,bim0.10.05_succ,gen_list_1,bim,cifar,,conv12,0.0021005161600947636
exp_2530,success_rate,L2 L1 Linf L0 uqi ergas sam,bim0.10.07_succ,gen_list_1,bim,cifar,,conv12,0.0019247409683717427
exp_2530,success_rate,L2 L1 Linf L0 uqi ergas sam,bim0.10.09_succ,gen_list_1,bim,cifar,,conv12,0.0034819069917982953
exp_2530,success_rate,L2 L1 Linf L0 uqi ergas sam,bim0.10.001_succ,gen_list_1,bim,cifar,,conv12,0.019985578183875457
exp_2530,success_rate,L2 L1 Linf L0 uqi ergas sam,bim0.10.003_succ,gen_list_1,bim,cifar,,conv12,0.004967885816690473
exp_2530,success_rate,L2 L1 Linf L0 uqi ergas sam,bim0.10.005_succ,gen_list_1,bim,cifar,,conv12,0.004006593845688946
exp_2530,success_rate,L2 L1 Linf L0 uqi ergas sam,bim0.10.007_succ,gen_list_1,bim,cifar,,conv12,0.003901512556421742
exp_2530,success_rate,L2 L1 Linf L0 uqi ergas sam,bim0.10.009_succ,gen_list_1,bim,cifar,,conv12,0.002508162646307442
exp_2530,success_rate,L2 L1 Linf L0 uqi ergas sam,bim0.010.1_succ,gen_list_1,bim,cifar,,conv12,0.021055789005581978
exp_2530,success_rate,L2 L1 Linf L0 uqi ergas sam,bim0.010.1_miss,gen_list_1,bim,cifar,,conv12,0.020102316724654564
exp_2530,success_rate,L2 L1 Linf L0 uqi ergas sam,bim0.030.1_succ,gen_list_1,bim,cifar,,conv12,0.015420650598117236
exp_2530,success_rate,L2 L1 Linf L0 uqi ergas sam,bim0.030.1_miss,gen_list_1,bim,cifar,,conv12,0.0036577464789884473
exp_2530,success_rate,L2 L1 Linf L0 uqi ergas sam,bim0.050.1_succ,gen_list_1,bim,cifar,,conv12,0.0052026388660459996
exp_2530,success_rate,L2 L1 Linf L0 uqi ergas sam,bim0.050.1_miss,gen_list_1,bim,cifar,,conv12,0.0037847749795155796
exp_2530,success_rate,L2 L1 Linf L0 uqi ergas sam,bim0.070.1_succ,gen_list_1,bim,cifar,,conv12,0.006645351369225566
exp_2530,success_rate,L2 L1 Linf L0 uqi ergas sam,bim0.090.1_succ,gen_list_1,bim,cifar,,conv12,0.002959963029373553
exp_2530,success_rate,L2 L1 Linf L0 uqi ergas sam,bim0.0010.1_succ,gen_list_1,bim,cifar,,conv12,0.0009271528476445011
exp_2530,success_rate,L2 L1 Linf L0 uqi ergas sam,bim0.0010.1_miss,gen_list_1,bim,cifar,,conv12,0.007373498943114845
exp_2530,success_rate,L2 L1 Linf L0 uqi ergas sam,bim0.0030.1_succ,gen_list_1,bim,cifar,,conv12,0.013624370631276961
exp_2530,success_rate,L2 L1 Linf L0 uqi ergas sam,bim0.0030.1_miss,gen_list_1,bim,cifar,,conv12,0.014129745977544196
exp_2530,success_rate,L2 L1 Linf L0 uqi ergas sam,bim0.0050.1_succ,gen_list_1,bim,cifar,,conv12,0.005141470145490042
exp_2530,success_rate,L2 L1 Linf L0 uqi ergas sam,bim0.0050.1_miss,gen_list_1,bim,cifar,,conv12,0.016488779333975394
exp_2530,success_rate,L2 L1 Linf L0 uqi ergas sam,bim0.0070.1_succ,gen_list_1,bim,cifar,,conv12,0.010640344686714478
exp_2530,success_rate,L2 L1 Linf L0 uqi ergas sam,bim0.0070.1_miss,gen_list_1,bim,cifar,,conv12,0.0074799896227605205
exp_2530,success_rate,L2 L1 Linf L0 uqi ergas sam,bim0.0090.1_succ,gen_list_1,bim,cifar,,conv12,0.01177639915115081
exp_2530,success_rate,L2 L1 Linf L0 uqi ergas sam,bim0.0090.1_miss,gen_list_1,bim,cifar,,conv12,0.012033084837635752
exp_2530,success_rate,L2 L1 Linf L0 uqi ergas sam,fgm0.01_succ,gen_list_1,fgm,cifar,,conv12,0.026069044775394554
exp_2530,success_rate,L2 L1 Linf L0 uqi ergas sam,fgm0.01_miss,gen_list_1,fgm,cifar,,conv12,0.024591556016136606
exp_2530,success_rate,L2 L1 Linf L0 uqi ergas sam,fgm0.03_succ,gen_list_1,fgm,cifar,,conv12,0.012688270229907627
exp_2530,success_rate,L2 L1 Linf L0 uqi ergas sam,fgm0.03_miss,gen_list_1,fgm,cifar,,conv12,0.006166634840123808
exp_2530,success_rate,L2 L1 Linf L0 uqi ergas sam,fgm0.05_succ,gen_list_1,fgm,cifar,,conv12,0.010325973889306615
exp_2530,success_rate,L2 L1 Linf L0 uqi ergas sam,fgm0.05_miss,gen_list_1,fgm,cifar,,conv12,0.008658118523635568
exp_2530,success_rate,L2 L1 Linf L0 uqi ergas sam,fgm0.07_succ,gen_list_1,fgm,cifar,,conv12,0.009554992716905693
exp_2530,success_rate,L2 L1 Linf L0 uqi ergas sam,fgm0.07_miss,gen_list_1,fgm,cifar,,conv12,0.0024874668905244678
exp_2530,success_rate,L2 L1 Linf L0 uqi ergas sam,fgm0.09_succ,gen_list_1,fgm,cifar,,conv12,0.005343016898992497
exp_2530,success_rate,L2 L1 Linf L0 uqi ergas sam,fgm0.09_miss,gen_list_1,fgm,cifar,,conv12,0.017197361289614844
exp_2530,success_rate,L2 L1 Linf L0 uqi ergas sam,fgm0.001_succ,gen_list_1,fgm,cifar,,conv12,0.0009262538512757162
exp_2530,success_rate,L2 L1 Linf L0 uqi ergas sam,fgm0.001_miss,gen_list_1,fgm,cifar,,conv12,0.008110724505216679
exp_2530,success_rate,L2 L1 Linf L0 uqi ergas sam,fgm0.003_succ,gen_list_1,fgm,cifar,,conv12,0.010736137965524
exp_2530,success_rate,L2 L1 Linf L0 uqi ergas sam,fgm0.003_miss,gen_list_1,fgm,cifar,,conv12,0.01965650783477877
exp_2530,success_rate,L2 L1 Linf L0 uqi ergas sam,fgm0.005_succ,gen_list_1,fgm,cifar,,conv12,0.007175126736136596
exp_2530,success_rate,L2 L1 Linf L0 uqi ergas sam,fgm0.005_miss,gen_list_1,fgm,cifar,,conv12,0.011984840491650045
exp_2530,success_rate,L2 L1 Linf L0 uqi ergas sam,fgm0.007_succ,gen_list_1,fgm,cifar,,conv12,0.014598402134801233
exp_2530,success_rate,L2 L1 Linf L0 uqi ergas sam,fgm0.007_miss,gen_list_1,fgm,cifar,,conv12,0.029713133617722716
exp_2530,success_rate,L2 L1 Linf L0 uqi ergas sam,fgm0.009_succ,gen_list_1,fgm,cifar,,conv12,0.013403282329563258
exp_2530,success_rate,L2 L1 Linf L0 uqi ergas sam,fgm0.009_miss,gen_list_1,fgm,cifar,,conv12,0.010912014456356256
exp_2530,success_rate,L2 L1 Linf L0 uqi ergas sam,deep10.0100_succ,gen_list_1,deep,cifar,,conv12,0.04404322331863088
exp_2530,success_rate,L2 L1 Linf L0 uqi ergas sam,deep8.0100_succ,gen_list_1,deep,cifar,,conv12,0.08291152991080386
exp_2530,success_rate,L2 L1 Linf L0 uqi ergas sam,deep6.0100_succ,gen_list_1,deep,cifar,,conv12,0.1452964994476627
exp_2530,success_rate,L2 L1 Linf L0 uqi ergas sam,deep4.0100_succ,gen_list_1,deep,cifar,,conv12,0.015626530379334116
exp_2530,success_rate,L2 L1 Linf L0 uqi ergas sam,deep2.0100_succ,gen_list_1,deep,cifar,,conv12,0.054877108899497117
exp_2530,success_rate,L2 L1 Linf L0 uqi ergas sam,deep0.0100_succ,gen_list_1,deep,cifar,,conv12,0.14938956765431025
exp_2530,success_rate,L2 L1 Linf L0 uqi ergas sam,deep0.0100_miss,gen_list_1,deep,cifar,,conv12,0.14325739620875885
exp_2530,success_rate,L2 L1 Linf L0 uqi ergas sam,deep5.010_succ,gen_list_1,deep,cifar,,conv12,0.09385702188932729
exp_2530,success_rate,L2 L1 Linf L0 uqi ergas sam,deep5.030_succ,gen_list_1,deep,cifar,,conv12,0.09385702188932729
exp_2530,success_rate,L2 L1 Linf L0 uqi ergas sam,deep5.050_succ,gen_list_1,deep,cifar,,conv12,0.09385702188932729
exp_2530,success_rate,L2 L1 Linf L0 uqi ergas sam,deep5.070_succ,gen_list_1,deep,cifar,,conv12,0.09385702188932729
exp_2530,success_rate,L2 L1 Linf L0 uqi ergas sam,deep5.090_succ,gen_list_1,deep,cifar,,conv12,0.09385702188932729
exp_2530,success_rate,L2 L1 Linf L0 uqi ergas sam,deep5.0100_succ,gen_list_1,deep,cifar,,conv12,0.09385702188932729
exp_2530,success_rate,L2 L1 Linf L0 uqi ergas sam,deep5.0150_succ,gen_list_1,deep,cifar,,conv12,0.09385702188932729
exp_2530,success_rate,L2 L1 Linf L0 uqi ergas sam,deep5.0200_succ,gen_list_1,deep,cifar,,conv12,0.09385702188932729
exp_2530,success_rate,L2 L1 Linf L0 uqi ergas sam,deep5.0300_succ,gen_list_1,deep,cifar,,conv12,0.09385702188932729
exp_2530,success_rate,L2 L1 Linf L0 uqi ergas sam,cw250.0100_succ,gen_list_3,cw2,cifar,,conv12,0.07503442903841723
exp_2530,success_rate,L2 L1 Linf L0 uqi ergas sam,cw240.0100_succ,gen_list_3,cw2,cifar,,conv12,0.09823926256254645
exp_2530,success_rate,L2 L1 Linf L0 uqi ergas sam,cw230.0100_succ,gen_list_3,cw2,cifar,,conv12,0.09066815042963738
exp_2530,success_rate,L2 L1 Linf L0 uqi ergas sam,cw220.0100_succ,gen_list_3,cw2,cifar,,conv12,0.1081220569418295
exp_2530,success_rate,L2 L1 Linf L0 uqi ergas sam,cw215.0100_succ,gen_list_3,cw2,cifar,,conv12,0.01647407018953949
exp_2530,success_rate,L2 L1 Linf L0 uqi ergas sam,cw210.0100_succ,gen_list_3,cw2,cifar,,conv12,0.011451048117636219
exp_2530,success_rate,L2 L1 Linf L0 uqi ergas sam,cw25.0100_succ,gen_list_3,cw2,cifar,,conv12,0.023859320538627375
exp_2530,success_rate,L2 L1 Linf L0 uqi ergas sam,cw21.0100_succ,gen_list_3,cw2,cifar,,conv12,0.018697333026465295
exp_2530,success_rate,L2 L1 Linf L0 uqi ergas sam,cw210.010_succ,gen_list_3,cw2,cifar,,conv12,0.010794472161822232
exp_2530,success_rate,L2 L1 Linf L0 uqi ergas sam,cw210.030_succ,gen_list_3,cw2,cifar,,conv12,0.012477110744922961
exp_2530,success_rate,L2 L1 Linf L0 uqi ergas sam,cw210.050_succ,gen_list_3,cw2,cifar,,conv12,0.011451048117636219
exp_2530,success_rate,L2 L1 Linf L0 uqi ergas sam,cw210.060_succ,gen_list_3,cw2,cifar,,conv12,0.011451048117636219
exp_2530,success_rate,L2 L1 Linf L0 uqi ergas sam,cw210.080_succ,gen_list_3,cw2,cifar,,conv12,0.011451048117636219
exp_2530,success_rate,L2 L1 Linf L0 uqi ergas sam,cw210.0200_succ,gen_list_3,cw2,cifar,,conv12,0.011451048117636219
exp_2530,success_rate,L2 L1 Linf L0 uqi ergas sam,cw210.0500_succ,gen_list_3,cw2,cifar,,conv12,0.011451048117636219
exp_2530,success_rate,L2 L1 Linf L0 uqi ergas sam,cw210.0800_succ,gen_list_3,cw2,cifar,,conv12,0.011451048117636219
exp_2530,success_rate,L2 L1 Linf L0 uqi ergas sam,cw210.01000_succ,gen_list_3,cw2,cifar,,conv12,0.011451048117636219
exp_2530,success_rate,L2 L1 Linf L0 uqi ergas sam,boundary50000.010.0125_succ,gen_list_boundary,boundary,cifar,,conv12,0.03449697151840463
exp_2530,success_rate,L2 L1 Linf L0 uqi ergas sam,boundary50000.010.0125_miss,gen_list_boundary,boundary,cifar,,conv12,0.02284800766552531
exp_2530,success_rate,L2 L1 Linf L0 uqi ergas sam,boundary45000.010.0125_succ,gen_list_boundary,boundary,cifar,,conv12,0.010675809069029917
exp_2530,success_rate,L2 L1 Linf L0 uqi ergas sam,boundary40000.010.0125_succ,gen_list_boundary,boundary,cifar,,conv12,0.00893279116462423
exp_2530,success_rate,L2 L1 Linf L0 uqi ergas sam,boundary35000.010.0125_succ,gen_list_boundary,boundary,cifar,,conv12,0.01478904338926924
exp_2530,success_rate,L2 L1 Linf L0 uqi ergas sam,boundary30000.010.0125_succ,gen_list_boundary,boundary,cifar,,conv12,0.04139619775109916
exp_2530,success_rate,L2 L1 Linf L0 uqi ergas sam,boundary30000.010.0125_miss,gen_list_boundary,boundary,cifar,,conv12,0.021722140031702364
exp_2530,success_rate,L2 L1 Linf L0 uqi ergas sam,boundary25000.010.0125_succ,gen_list_boundary,boundary,cifar,,conv12,0.017642796535796174
exp_2530,success_rate,L2 L1 Linf L0 uqi ergas sam,boundary20000.010.0125_succ,gen_list_boundary,boundary,cifar,,conv12,0.021440756100079023
exp_2530,success_rate,L2 L1 Linf L0 uqi ergas sam,boundary15000.010.0125_succ,gen_list_boundary,boundary,cifar,,conv12,0.015937884066577795
exp_2530,success_rate,L2 L1 Linf L0 uqi ergas sam,boundary10000.010.0125_succ,gen_list_boundary,boundary,cifar,,conv12,0.022050245009692965
exp_2530,success_rate,L2 L1 Linf L0 uqi ergas sam,boundary5000.010.0125_succ,gen_list_boundary,boundary,cifar,,conv12,0.04896918101249284
exp_2530,success_rate,L2 L1 Linf L0 uqi ergas sam,boundary45000.010.0325_succ,gen_list_boundary,boundary,cifar,,conv12,0.012095832301647166
exp_2530,success_rate,L2 L1 Linf L0 uqi ergas sam,boundary40000.010.0525_succ,gen_list_boundary,boundary,cifar,,conv12,0.013309642299004734
exp_2530,success_rate,L2 L1 Linf L0 uqi ergas sam,boundary35000.010.0725_succ,gen_list_boundary,boundary,cifar,,conv12,0.04042988109817702
exp_2530,success_rate,L2 L1 Linf L0 uqi ergas sam,boundary30000.010.0925_succ,gen_list_boundary,boundary,cifar,,conv12,0.01852437532401357
exp_2530,success_rate,L2 L1 Linf L0 uqi ergas sam,boundary25000.010.125_succ,gen_list_boundary,boundary,cifar,,conv12,0.014752738728356071
exp_2530,success_rate,L2 L1 Linf L0 uqi ergas sam,boundary25000.010.125_miss,gen_list_boundary,boundary,cifar,,conv12,0.006313324675840337
exp_2530,success_rate,L2 L1 Linf L0 uqi ergas sam,boundary20000.010.325_succ,gen_list_boundary,boundary,cifar,,conv12,0.021322241730230097
exp_2530,success_rate,L2 L1 Linf L0 uqi ergas sam,boundary15000.010.525_succ,gen_list_boundary,boundary,cifar,,conv12,0.023262705336389574
exp_2530,success_rate,L2 L1 Linf L0 uqi ergas sam,boundary10000.010.725_succ,gen_list_boundary,boundary,cifar,,conv12,0.009447111048109979
exp_2530,success_rate,L2 L1 Linf L0 uqi ergas sam,boundary5000.010.925_succ,gen_list_boundary,boundary,cifar,,conv12,0.10264819327006051
exp_2530,success_rate,L2 L1 Linf L0 uqi ergas sam,boundary50000.010.00125_succ,gen_list_boundary,boundary,cifar,,conv12,0.016073622778007366
exp_2530,success_rate,L2 L1 Linf L0 uqi ergas sam,boundary50000.010.00325_succ,gen_list_boundary,boundary,cifar,,conv12,0.015181178351428369
exp_2530,success_rate,L2 L1 Linf L0 uqi ergas sam,boundary50000.010.00525_succ,gen_list_boundary,boundary,cifar,,conv12,0.015137831669577034
exp_2530,success_rate,L2 L1 Linf L0 uqi ergas sam,boundary50000.010.00525_miss,gen_list_boundary,boundary,cifar,,conv12,0.01948976376477396
exp_2530,success_rate,L2 L1 Linf L0 uqi ergas sam,boundary50000.010.00725_succ,gen_list_boundary,boundary,cifar,,conv12,0.01068923504235808
exp_2530,success_rate,L2 L1 Linf L0 uqi ergas sam,boundary50000.010.00725_miss,gen_list_boundary,boundary,cifar,,conv12,0.04217123915167431
exp_2530,success_rate,L2 L1 Linf L0 uqi ergas sam,boundary50000.010.00925_succ,gen_list_boundary,boundary,cifar,,conv12,0.08897590365328885
exp_2530,success_rate,L2 L1 Linf L0 uqi ergas sam,boundary50000.030.0125_succ,gen_list_boundary,boundary,cifar,,conv12,0.01406377829974486
exp_2530,success_rate,L2 L1 Linf L0 uqi ergas sam,boundary50000.050.0225_succ,gen_list_boundary,boundary,cifar,,conv12,0.037828827801058514
exp_2530,success_rate,L2 L1 Linf L0 uqi ergas sam,boundary50000.050.0225_miss,gen_list_boundary,boundary,cifar,,conv12,0.03303183807365434
exp_2530,success_rate,L2 L1 Linf L0 uqi ergas sam,boundary50000.070.0225_succ,gen_list_boundary,boundary,cifar,,conv12,0.010905732271331065
exp_2530,success_rate,L2 L1 Linf L0 uqi ergas sam,boundary50000.070.0225_miss,gen_list_boundary,boundary,cifar,,conv12,0.01702892920550192
exp_2530,success_rate,L2 L1 Linf L0 uqi ergas sam,boundary50000.090.0325_succ,gen_list_boundary,boundary,cifar,,conv12,0.0418848275649955
exp_2530,success_rate,L2 L1 Linf L0 uqi ergas sam,boundary50000.10.0325_succ,gen_list_boundary,boundary,cifar,,conv12,0.03211742968556655
exp_2530,success_rate,L2 L1 Linf L0 uqi ergas sam,boundary50000.30.0425_succ,gen_list_boundary,boundary,cifar,,conv12,0.021553041930560637
exp_2530,success_rate,L2 L1 Linf L0 uqi ergas sam,boundary50000.50.0425_succ,gen_list_boundary,boundary,cifar,,conv12,0.014517403082962961
exp_2530,success_rate,L2 L1 Linf L0 uqi ergas sam,boundary50000.70.0525_succ,gen_list_boundary,boundary,cifar,,conv12,0.019213640509623604
exp_2530,success_rate,L2 L1 Linf L0 uqi ergas sam,boundary50000.90.0525_succ,gen_list_boundary,boundary,cifar,,conv12,0.00970845437023583
exp_2530,success_rate,L2 L1 Linf L0 uqi ergas sam,boundary50000.90.0525_miss,gen_list_boundary,boundary,cifar,,conv12,0.04802620340796093
exp_2530,success_rate,L2 L1 Linf L0 uqi ergas sam,boundary50000.0010.0625_succ,gen_list_boundary,boundary,cifar,,conv12,0.01495646786564191
exp_2530,success_rate,L2 L1 Linf L0 uqi ergas sam,boundary50000.0030.0625_succ,gen_list_boundary,boundary,cifar,,conv12,0.014347343278325422
exp_2530,success_rate,L2 L1 Linf L0 uqi ergas sam,boundary50000.0030.0625_miss,gen_list_boundary,boundary,cifar,,conv12,0.005721925286685581
exp_2530,success_rate,L2 L1 Linf L0 uqi ergas sam,boundary50000.0050.0725_succ,gen_list_boundary,boundary,cifar,,conv12,0.022177088549725284
exp_2530,success_rate,L2 L1 Linf L0 uqi ergas sam,boundary50000.0050.0725_miss,gen_list_boundary,boundary,cifar,,conv12,0.005824329572565401
exp_2530,success_rate,L2 L1 Linf L0 uqi ergas sam,boundary50000.0070.0725_succ,gen_list_boundary,boundary,cifar,,conv12,0.022967328148978984
exp_2530,success_rate,L2 L1 Linf L0 uqi ergas sam,boundary50000.0090.0825_succ,gen_list_boundary,boundary,cifar,,conv12,0.013052052424372101
exp_2530,success_rate,L2 L1 Linf L0 uqi ergas sam,elastic100.0_succ,gen_list_elastic,elastic,cifar,,conv12,0.012647765304590384
exp_2530,success_rate,L2 L1 Linf L0 uqi ergas sam,elastic300.0_succ,gen_list_elastic,elastic,cifar,,conv12,0.008579651444783018
exp_2530,success_rate,L2 L1 Linf L0 uqi ergas sam,elastic500.0_succ,gen_list_elastic,elastic,cifar,,conv12,0.010232866440588967
exp_2530,success_rate,L2 L1 Linf L0 uqi ergas sam,elastic700.0_succ,gen_list_elastic,elastic,cifar,,conv12,0.008067672432838197
exp_2530,success_rate,L2 L1 Linf L0 uqi ergas sam,elastic101.0_succ,gen_list_elastic,elastic,cifar,,conv12,0.012871268609819667
exp_2530,success_rate,L2 L1 Linf L0 uqi ergas sam,elastic301.0_succ,gen_list_elastic,elastic,cifar,,conv12,0.009008128911290277
exp_2530,success_rate,L2 L1 Linf L0 uqi ergas sam,elastic501.0_succ,gen_list_elastic,elastic,cifar,,conv12,0.010415688635804365
exp_2530,success_rate,L2 L1 Linf L0 uqi ergas sam,elastic701.0_succ,gen_list_elastic,elastic,cifar,,conv12,0.005650365811403664
exp_2530,success_rate,L2 L1 Linf L0 uqi ergas sam,elastic901.0_succ,gen_list_elastic,elastic,cifar,,conv12,0.008750237645147466
exp_2530,success_rate,L2 L1 Linf L0 uqi ergas sam,elastic103.0_succ,gen_list_elastic,elastic,cifar,,conv12,0.012849924972449786
exp_2530,success_rate,L2 L1 Linf L0 uqi ergas sam,elastic303.0_succ,gen_list_elastic,elastic,cifar,,conv12,0.00919953705469463
exp_2530,success_rate,L2 L1 Linf L0 uqi ergas sam,elastic503.0_succ,gen_list_elastic,elastic,cifar,,conv12,0.008433503704960479
exp_2530,success_rate,L2 L1 Linf L0 uqi ergas sam,elastic703.0_succ,gen_list_elastic,elastic,cifar,,conv12,0.005421185088008739
exp_2530,success_rate,L2 L1 Linf L0 uqi ergas sam,elastic903.0_succ,gen_list_elastic,elastic,cifar,,conv12,0.007280811956311204
exp_2530,success_rate,L2 L1 Linf L0 uqi ergas sam,elastic105.0_succ,gen_list_elastic,elastic,cifar,,conv12,0.0123677882816807
exp_2530,success_rate,L2 L1 Linf L0 uqi ergas sam,elastic305.0_succ,gen_list_elastic,elastic,cifar,,conv12,0.00919953705469463
exp_2530,success_rate,L2 L1 Linf L0 uqi ergas sam,elastic505.0_succ,gen_list_elastic,elastic,cifar,,conv12,0.008433503704960479
exp_2530,success_rate,L2 L1 Linf L0 uqi ergas sam,elastic705.0_succ,gen_list_elastic,elastic,cifar,,conv12,0.005421185088008739
exp_2530,success_rate,L2 L1 Linf L0 uqi ergas sam,elastic905.0_succ,gen_list_elastic,elastic,cifar,,conv12,0.007280811956311204
exp_2530,success_rate,L2 L1 Linf L0 uqi ergas sam,elastic107.0_succ,gen_list_elastic,elastic,cifar,,conv12,0.0123677882816807
exp_2530,success_rate,L2 L1 Linf L0 uqi ergas sam,elastic307.0_succ,gen_list_elastic,elastic,cifar,,conv12,0.00919953705469463
exp_2530,success_rate,L2 L1 Linf L0 uqi ergas sam,elastic507.0_succ,gen_list_elastic,elastic,cifar,,conv12,0.008433503704960479
exp_2530,success_rate,L2 L1 Linf L0 uqi ergas sam,elastic707.0_succ,gen_list_elastic,elastic,cifar,,conv12,0.005421185088008739
exp_2530,success_rate,L2 L1 Linf L0 uqi ergas sam,elastic907.0_succ,gen_list_elastic,elastic,cifar,,conv12,0.007280811956311204
exp_2530,success_rate,L2 L1 Linf L0 uqi ergas sam,elastic1010.0_succ,gen_list_elastic,elastic,cifar,,conv12,0.0123677882816807
exp_2530,success_rate,L2 L1 Linf L0 uqi ergas sam,elastic3010.0_succ,gen_list_elastic,elastic,cifar,,conv12,0.00919953705469463
exp_2530,success_rate,L2 L1 Linf L0 uqi ergas sam,elastic5010.0_succ,gen_list_elastic,elastic,cifar,,conv12,0.008433503704960479
exp_2530,success_rate,L2 L1 Linf L0 uqi ergas sam,elastic7010.0_succ,gen_list_elastic,elastic,cifar,,conv12,0.005421185088008739
exp_2530,success_rate,L2 L1 Linf L0 uqi ergas sam,elastic9010.0_succ,gen_list_elastic,elastic,cifar,,conv12,0.007280811956311204
exp_2530,success_rate,L2 L1 Linf L0 uqi ergas sam,elastic1020.0_succ,gen_list_elastic,elastic,cifar,,conv12,0.0123677882816807
exp_2530,success_rate,L2 L1 Linf L0 uqi ergas sam,elastic3020.0_succ,gen_list_elastic,elastic,cifar,,conv12,0.00919953705469463
exp_2530,success_rate,L2 L1 Linf L0 uqi ergas sam,elastic5020.0_succ,gen_list_elastic,elastic,cifar,,conv12,0.008433503704960479
exp_2530,success_rate,L2 L1 Linf L0 uqi ergas sam,elastic7020.0_succ,gen_list_elastic,elastic,cifar,,conv12,0.005421185088008739
exp_2530,success_rate,L2 L1 Linf L0 uqi ergas sam,elastic9020.0_succ,gen_list_elastic,elastic,cifar,,conv12,0.007280811956311204
exp_2530,success_rate,L2 L1 Linf L0 uqi ergas sam,elastic1050.0_succ,gen_list_elastic,elastic,cifar,,conv12,0.0123677882816807
exp_2530,success_rate,L2 L1 Linf L0 uqi ergas sam,elastic3050.0_succ,gen_list_elastic,elastic,cifar,,conv12,0.00919953705469463
exp_2530,success_rate,L2 L1 Linf L0 uqi ergas sam,elastic5050.0_succ,gen_list_elastic,elastic,cifar,,conv12,0.008433503704960479
exp_2530,success_rate,L2 L1 Linf L0 uqi ergas sam,elastic7050.0_succ,gen_list_elastic,elastic,cifar,,conv12,0.005421185088008739
exp_2530,success_rate,L2 L1 Linf L0 uqi ergas sam,elastic9050.0_succ,gen_list_elastic,elastic,cifar,,conv12,0.007280811956311204
exp_2530,success_rate,L2 L1 Linf L0 uqi ergas sam,newton0.1100_succ,gen_list_newton,newton,cifar,,conv12,0.019459126343707226
exp_2530,success_rate,L2 L1 Linf L0 uqi ergas sam,newton0.03100_succ,gen_list_newton,newton,cifar,,conv12,0.019459126343707226
exp_2530,success_rate,L2 L1 Linf L0 uqi ergas sam,newton0.05100_succ,gen_list_newton,newton,cifar,,conv12,0.019459126343707226
exp_2530,success_rate,L2 L1 Linf L0 uqi ergas sam,newton0.07100_succ,gen_list_newton,newton,cifar,,conv12,0.019459126343707226
exp_2530,success_rate,L2 L1 Linf L0 uqi ergas sam,newton0.09100_succ,gen_list_newton,newton,cifar,,conv12,0.019459126343707226
exp_2530,success_rate,L2 L1 Linf L0 uqi ergas sam,newton1.0100_succ,gen_list_newton,newton,cifar,,conv12,0.019459126343707226
exp_2530,success_rate,L2 L1 Linf L0 uqi ergas sam,newton3.0100_succ,gen_list_newton,newton,cifar,,conv12,0.019459126343707226
exp_2530,success_rate,L2 L1 Linf L0 uqi ergas sam,newton5.0100_succ,gen_list_newton,newton,cifar,,conv12,0.019459126343707226
exp_2530,success_rate,L2 L1 Linf L0 uqi ergas sam,newton7.0100_succ,gen_list_newton,newton,cifar,,conv12,0.019459126343707226
exp_2530,success_rate,L2 L1 Linf L0 uqi ergas sam,newton9.0100_succ,gen_list_newton,newton,cifar,,conv12,0.019459126343707226
exp_2530,success_rate,L2 L1 Linf L0 uqi ergas sam,newton0.0110_succ,gen_list_newton,newton,cifar,,conv12,0.016975189284244768
exp_2530,success_rate,L2 L1 Linf L0 uqi ergas sam,newton0.0130_succ,gen_list_newton,newton,cifar,,conv12,0.016975189284244768
exp_2530,success_rate,L2 L1 Linf L0 uqi ergas sam,newton0.0150_succ,gen_list_newton,newton,cifar,,conv12,0.016975189284244768
exp_2530,success_rate,L2 L1 Linf L0 uqi ergas sam,newton0.0170_succ,gen_list_newton,newton,cifar,,conv12,0.016975189284244768
exp_2530,success_rate,L2 L1 Linf L0 uqi ergas sam,newton0.0190_succ,gen_list_newton,newton,cifar,,conv12,0.016975189284244768
exp_2530,success_rate,L2 L1 Linf L0 uqi ergas sam,newton0.01100_succ,gen_list_newton,newton,cifar,,conv12,0.016975189284244768
exp_2530,success_rate,L2 L1 Linf L0 uqi ergas sam,newton0.01150_succ,gen_list_newton,newton,cifar,,conv12,0.016975189284244768
exp_2530,success_rate,L2 L1 Linf L0 uqi ergas sam,newton0.01200_succ,gen_list_newton,newton,cifar,,conv12,0.016975189284244768
exp_2530,success_rate,L2 L1 Linf L0 uqi ergas sam,newton0.01300_succ,gen_list_newton,newton,cifar,,conv12,0.016975189284244768
exp_2530,success_rate,L2 L1 Linf L0 uqi ergas sam,pgd0.1100_succ,gen_list_pgd,pgd,cifar,,conv12,0.0018161680874373084
exp_2530,success_rate,L2 L1 Linf L0 uqi ergas sam,pgd0.03100_succ,gen_list_pgd,pgd,cifar,,conv12,0.011437344418851232
exp_2530,success_rate,L2 L1 Linf L0 uqi ergas sam,pgd0.05100_succ,gen_list_pgd,pgd,cifar,,conv12,0.007303722215292355
exp_2530,success_rate,L2 L1 Linf L0 uqi ergas sam,pgd0.07100_succ,gen_list_pgd,pgd,cifar,,conv12,0.004823419591610429
exp_2530,success_rate,L2 L1 Linf L0 uqi ergas sam,pgd0.09100_succ,gen_list_pgd,pgd,cifar,,conv12,0.006157907916732564
exp_2530,success_rate,L2 L1 Linf L0 uqi ergas sam,pgd1.0100_succ,gen_list_pgd,pgd,cifar,,conv12,0.001171649417549387
exp_2530,success_rate,L2 L1 Linf L0 uqi ergas sam,pgd3.0100_succ,gen_list_pgd,pgd,cifar,,conv12,0.0017679645220800308
exp_2530,success_rate,L2 L1 Linf L0 uqi ergas sam,pgd5.0100_succ,gen_list_pgd,pgd,cifar,,conv12,0.001098338804308773
exp_2530,success_rate,L2 L1 Linf L0 uqi ergas sam,pgd7.0100_succ,gen_list_pgd,pgd,cifar,,conv12,0.0012806390789322796
exp_2530,success_rate,L2 L1 Linf L0 uqi ergas sam,pgd9.0100_succ,gen_list_pgd,pgd,cifar,,conv12,0.0017074746915148092
exp_2530,success_rate,L2 L1 Linf L0 uqi ergas sam,pgd0.110_succ,gen_list_pgd,pgd,cifar,,conv12,0.0031085858349410296
exp_2530,success_rate,L2 L1 Linf L0 uqi ergas sam,pgd0.130_succ,gen_list_pgd,pgd,cifar,,conv12,0.004058080639053943
exp_2530,success_rate,L2 L1 Linf L0 uqi ergas sam,pgd0.150_succ,gen_list_pgd,pgd,cifar,,conv12,0.0012836963194973966
exp_2530,success_rate,L2 L1 Linf L0 uqi ergas sam,pgd0.170_succ,gen_list_pgd,pgd,cifar,,conv12,0.0023480593906041874
exp_2530,success_rate,L2 L1 Linf L0 uqi ergas sam,pgd0.190_succ,gen_list_pgd,pgd,cifar,,conv12,0.002256426864353885
exp_2530,success_rate,L2 L1 Linf L0 uqi ergas sam,pgd0.1150_succ,gen_list_pgd,pgd,cifar,,conv12,0.001709280478805274
exp_2530,success_rate,L2 L1 Linf L0 uqi ergas sam,pgd0.1200_succ,gen_list_pgd,pgd,cifar,,conv12,0.0030672303875283026
exp_2530,success_rate,L2 L1 Linf L0 uqi ergas sam,pgd0.1300_succ,gen_list_pgd,pgd,cifar,,conv12,0.0065982666883413095
exp_2530,success_rate,L2 L1 Linf L0 uqi ergas sam,zoo11010.0_succ,gen_list_zoo,zoo,cifar,,conv12,0.1650485027278511
exp_2530,success_rate,L2 L1 Linf L0 uqi ergas sam,zoo11010.0_miss,gen_list_zoo,zoo,cifar,,conv12,0.11191882159279926
exp_2530,success_rate,L2 L1 Linf L0 uqi ergas sam,zoo12010.0_succ,gen_list_zoo,zoo,cifar,,conv12,0.055992447216469836
exp_2530,success_rate,L2 L1 Linf L0 uqi ergas sam,zoo12010.0_miss,gen_list_zoo,zoo,cifar,,conv12,0.04515050437910929
exp_2530,success_rate,L2 L1 Linf L0 uqi ergas sam,zoo13010.0_succ,gen_list_zoo,zoo,cifar,,conv12,0.026468812647098668
exp_2530,success_rate,L2 L1 Linf L0 uqi ergas sam,zoo14010.0_succ,gen_list_zoo,zoo,cifar,,conv12,0.026336992676575677
exp_2530,success_rate,L2 L1 Linf L0 uqi ergas sam,zoo14010.0_miss,gen_list_zoo,zoo,cifar,,conv12,0.04023128257078279
exp_2530,success_rate,L2 L1 Linf L0 uqi ergas sam,zoo15010.0_succ,gen_list_zoo,zoo,cifar,,conv12,0.016803572173492244
exp_2530,success_rate,L2 L1 Linf L0 uqi ergas sam,zoo15010.0_miss,gen_list_zoo,zoo,cifar,,conv12,0.02815085158628572
exp_2530,success_rate,L2 L1 Linf L0 uqi ergas sam,zoo16010.0_succ,gen_list_zoo,zoo,cifar,,conv12,0.044690025002275036
exp_2530,success_rate,L2 L1 Linf L0 uqi ergas sam,zoo17010.0_succ,gen_list_zoo,zoo,cifar,,conv12,0.044909492294412295
exp_2530,success_rate,L2 L1 Linf L0 uqi ergas sam,zoo18010.0_succ,gen_list_zoo,zoo,cifar,,conv12,0.05943507744688252
exp_2530,success_rate,L2 L1 Linf L0 uqi ergas sam,zoo18010.0_miss,gen_list_zoo,zoo,cifar,,conv12,0.07146119790918681
exp_2530,success_rate,L2 L1 Linf L0 uqi ergas sam,zoo19010.0_succ,gen_list_zoo,zoo,cifar,,conv12,0.02605763792455331
exp_2530,success_rate,L2 L1 Linf L0 uqi ergas sam,zoo19010.0_miss,gen_list_zoo,zoo,cifar,,conv12,0.01045870149836825
exp_2530,success_rate,L2 L1 Linf L0 uqi ergas sam,zoo20010.0_succ,gen_list_zoo,zoo,cifar,,conv12,0.030518084103140237
exp_2530,success_rate,L2 L1 Linf L0 uqi ergas sam,hopskipnan5020000100100_succ,gen_list_hopskip,hopskip,cifar,,conv12,0.017536452663137386
exp_2530,success_rate,L2 L1 Linf L0 uqi ergas sam,hopskipnan5018000100100_succ,gen_list_hopskip,hopskip,cifar,,conv12,0.017841765106604592
exp_2530,success_rate,L2 L1 Linf L0 uqi ergas sam,hopskipnan5012000100100_succ,gen_list_hopskip,hopskip,cifar,,conv12,0.02547944894664664
exp_2530,success_rate,L2 L1 Linf L0 uqi ergas sam,hopskipnan5010000100100_succ,gen_list_hopskip,hopskip,cifar,,conv12,0.02522826969996544
exp_2530,success_rate,L2 L1 Linf L0 uqi ergas sam,hopskipnan508000100100_succ,gen_list_hopskip,hopskip,cifar,,conv12,0.015363835789038282
exp_2530,success_rate,L2 L1 Linf L0 uqi ergas sam,hopskipnan504000100100_succ,gen_list_hopskip,hopskip,cifar,,conv12,0.028006865389488336
exp_2530,success_rate,L2 L1 Linf L0 uqi ergas sam,hopskipnan501000100100_succ,gen_list_hopskip,hopskip,cifar,,conv12,0.01658965970916835
exp_2530,success_rate,L2 L1 Linf L0 uqi ergas sam,hopskipnan50500100100_succ,gen_list_hopskip,hopskip,cifar,,conv12,0.026024303774448376
exp_2530,success_rate,L2 L1 Linf L0 uqi ergas sam,hopskipnan50100100100_succ,gen_list_hopskip,hopskip,cifar,,conv12,0.023243487564283048
exp_2530,success_rate,L2 L1 Linf L0 uqi ergas sam,hopskipnan501000020100_succ,gen_list_hopskip,hopskip,cifar,,conv12,0.01719285407360383
exp_2530,success_rate,L2 L1 Linf L0 uqi ergas sam,hopskipnan501000040100_succ,gen_list_hopskip,hopskip,cifar,,conv12,0.013070576288606592
exp_2530,success_rate,L2 L1 Linf L0 uqi ergas sam,hopskipnan501000060100_succ,gen_list_hopskip,hopskip,cifar,,conv12,0.0164671761208199
exp_2530,success_rate,L2 L1 Linf L0 uqi ergas sam,hopskipnan501000080100_succ,gen_list_hopskip,hopskip,cifar,,conv12,0.01965327472874548
exp_2530,success_rate,L2 L1 Linf L0 uqi ergas sam,hopskipnan5010000200100_succ,gen_list_hopskip,hopskip,cifar,,conv12,0.01636913911477605
exp_2530,success_rate,L2 L1 Linf L0 uqi ergas sam,hopskipnan501000010020_succ,gen_list_hopskip,hopskip,cifar,,conv12,0.008577582304284261
exp_2530,success_rate,L2 L1 Linf L0 uqi ergas sam,hopskipnan501000010040_succ,gen_list_hopskip,hopskip,cifar,,conv12,0.017188887712558297
exp_2530,success_rate,L2 L1 Linf L0 uqi ergas sam,hopskipnan501000010060_succ,gen_list_hopskip,hopskip,cifar,,conv12,0.0246387025467463
exp_2530,success_rate,L2 L1 Linf L0 uqi ergas sam,hopskipnan501000010080_succ,gen_list_hopskip,hopskip,cifar,,conv12,0.02376343196696856
exp_2530,success_rate,L2 L1 Linf L0 uqi ergas sam,hopskipnan5010000100150_succ,gen_list_hopskip,hopskip,cifar,,conv12,0.025289798304116685
exp_2530,success_rate,L2 L1 Linf L0 uqi ergas sam,hopskipnan5010000100200_succ,gen_list_hopskip,hopskip,cifar,,conv12,0.02052407053475687
exp_2530,success_rate,L2 L1 Linf L0 uqi ergas sam,hopskipnan10010000100100_succ,gen_list_hopskip,hopskip,cifar,,conv12,0.022607633431191553
exp_2530,success_rate,L2 L1 Linf L0 uqi ergas sam,hopskipnan20010000100100_succ,gen_list_hopskip,hopskip,cifar,,conv12,0.023926660314137198
exp_2530,success_rate,L2 L1 Linf L0 uqi ergas sam,hopskipnan30010000100100_succ,gen_list_hopskip,hopskip,cifar,,conv12,0.017576964570451787
exp_2530,success_rate,L2 L1 Linf L0 uqi ergas sam,jsma0.11.0_succ,gen_list_jsma,jsma,cifar,,conv12,0.04127094287707124
exp_2530,success_rate,L2 L1 Linf L0 uqi ergas sam,jsma0.10.8_succ,gen_list_jsma,jsma,cifar,,conv12,0.03430656158368717
exp_2530,success_rate,L2 L1 Linf L0 uqi ergas sam,jsma0.10.6_succ,gen_list_jsma,jsma,cifar,,conv12,0.04726166742502249
exp_2530,success_rate,L2 L1 Linf L0 uqi ergas sam,jsma0.10.4_succ,gen_list_jsma,jsma,cifar,,conv12,0.05032817998997719
exp_2530,success_rate,L2 L1 Linf L0 uqi ergas sam,jsma0.10.2_succ,gen_list_jsma,jsma,cifar,,conv12,0.12525525307727575
exp_2530,success_rate,L2 L1 Linf L0 uqi ergas sam,jsma0.10.2_miss,gen_list_jsma,jsma,cifar,,conv12,0.08356197421826521
exp_2530,success_rate,L2 L1 Linf L0 uqi ergas sam,jsma0.20.8_succ,gen_list_jsma,jsma,cifar,,conv12,0.048340798856404535
exp_2530,success_rate,L2 L1 Linf L0 uqi ergas sam,jsma0.20.6_succ,gen_list_jsma,jsma,cifar,,conv12,0.040578659560857835
exp_2530,success_rate,L2 L1 Linf L0 uqi ergas sam,jsma0.20.4_succ,gen_list_jsma,jsma,cifar,,conv12,0.14118699110771354
exp_2530,success_rate,L2 L1 Linf L0 uqi ergas sam,jsma0.20.2_succ,gen_list_jsma,jsma,cifar,,conv12,0.04971466390222244
exp_2530,success_rate,L2 L1 Linf L0 uqi ergas sam,jsma0.41.0_succ,gen_list_jsma,jsma,cifar,,conv12,0.04111986644779299
exp_2530,success_rate,L2 L1 Linf L0 uqi ergas sam,jsma0.40.8_succ,gen_list_jsma,jsma,cifar,,conv12,0.03103620678393376
exp_2530,success_rate,L2 L1 Linf L0 uqi ergas sam,jsma0.40.6_succ,gen_list_jsma,jsma,cifar,,conv12,0.037397851137655334
exp_2530,success_rate,L2 L1 Linf L0 uqi ergas sam,jsma0.40.4_succ,gen_list_jsma,jsma,cifar,,conv12,0.140081904922549
exp_2530,success_rate,L2 L1 Linf L0 uqi ergas sam,jsma0.40.2_succ,gen_list_jsma,jsma,cifar,,conv12,0.047140310456677735
exp_2530,success_rate,L2 L1 Linf L0 uqi ergas sam,jsma0.61.0_succ,gen_list_jsma,jsma,cifar,,conv12,0.04246620746048556
exp_2530,success_rate,L2 L1 Linf L0 uqi ergas sam,jsma0.60.8_succ,gen_list_jsma,jsma,cifar,,conv12,0.04912975329568687
exp_2530,success_rate,L2 L1 Linf L0 uqi ergas sam,jsma0.60.6_succ,gen_list_jsma,jsma,cifar,,conv12,0.04221676816966838
exp_2530,success_rate,L2 L1 Linf L0 uqi ergas sam,jsma0.60.4_succ,gen_list_jsma,jsma,cifar,,conv12,0.044021234401445
exp_2530,success_rate,L2 L1 Linf L0 uqi ergas sam,jsma0.60.2_succ,gen_list_jsma,jsma,cifar,,conv12,0.11695666538008356
exp_2530,success_rate,L2 L1 Linf L0 uqi ergas sam,jsma0.81.0_succ,gen_list_jsma,jsma,cifar,,conv12,0.04303160678471299
exp_2530,success_rate,L2 L1 Linf L0 uqi ergas sam,jsma0.80.8_succ,gen_list_jsma,jsma,cifar,,conv12,0.02795810858122609
exp_2530,success_rate,L2 L1 Linf L0 uqi ergas sam,jsma0.80.6_succ,gen_list_jsma,jsma,cifar,,conv12,0.0287787123909226
exp_2530,success_rate,L2 L1 Linf L0 uqi ergas sam,jsma0.80.4_succ,gen_list_jsma,jsma,cifar,,conv12,0.025939535736475613
exp_2530,success_rate,L2 L1 Linf L0 uqi ergas sam,jsma0.80.2_succ,gen_list_jsma,jsma,cifar,,conv12,0.18305069614411246
exp_2530,success_rate,L2 L1 Linf L0 uqi ergas sam,jsma0.80.2_miss,gen_list_jsma,jsma,cifar,,conv12,0.09390039529942888
exp_2530,success_rate,L2 L1 Linf L0 uqi ergas sam,jsma1.01.0_succ,gen_list_jsma,jsma,cifar,,conv12,0.03497195400279917
exp_2530,success_rate,L2 L1 Linf L0 uqi ergas sam,jsma1.00.8_succ,gen_list_jsma,jsma,cifar,,conv12,0.026983838334158586
exp_2530,success_rate,L2 L1 Linf L0 uqi ergas sam,jsma1.00.6_succ,gen_list_jsma,jsma,cifar,,conv12,0.05876717228540271
exp_2530,success_rate,L2 L1 Linf L0 uqi ergas sam,jsma1.00.4_succ,gen_list_jsma,jsma,cifar,,conv12,0.0428743202696661
exp_2530,success_rate,L2 L1 Linf L0 uqi ergas sam,jsma1.00.2_succ,gen_list_jsma,jsma,cifar,,conv12,0.026998754664414124
exp_2530,success_rate,L2 L1 Linf L0 uqi ergas sam,jsma5.01.0_succ,gen_list_jsma,jsma,cifar,,conv12,0.03678810616105755
exp_2530,success_rate,L2 L1 Linf L0 uqi ergas sam,jsma5.00.8_succ,gen_list_jsma,jsma,cifar,,conv12,0.023270085850251844
exp_2530,success_rate,L2 L1 Linf L0 uqi ergas sam,jsma5.00.6_succ,gen_list_jsma,jsma,cifar,,conv12,0.03224266157728326
exp_2530,success_rate,L2 L1 Linf L0 uqi ergas sam,jsma5.00.6_miss,gen_list_jsma,jsma,cifar,,conv12,0.020298084612265524
exp_2530,success_rate,L2 L1 Linf L0 uqi ergas sam,jsma5.00.4_succ,gen_list_jsma,jsma,cifar,,conv12,0.022428410092303775
exp_2530,success_rate,L2 L1 Linf L0 uqi ergas sam,jsma5.00.2_succ,gen_list_jsma,jsma,cifar,,conv12,0.04311603410259492
exp_2530,success_rate,L2 L1 Linf L0 uqi ergas sam,jsma0.011.0_succ,gen_list_jsma,jsma,cifar,,conv12,0.07242363367061337
exp_2530,success_rate,L2 L1 Linf L0 uqi ergas sam,jsma0.010.8_succ,gen_list_jsma,jsma,cifar,,conv12,0.09778443831088542
exp_2530,success_rate,L2 L1 Linf L0 uqi ergas sam,jsma0.010.6_succ,gen_list_jsma,jsma,cifar,,conv12,0.03709932345555632
exp_2530,success_rate,L2 L1 Linf L0 uqi ergas sam,jsma0.010.4_succ,gen_list_jsma,jsma,cifar,,conv12,0.055180857973451375
exp_2530,success_rate,L2 L1 Linf L0 uqi ergas sam,jsma0.010.2_succ,gen_list_jsma,jsma,cifar,,conv12,0.1204377085004093
exp_2530,success_rate,L2 L1 Linf L0 uqi ergas sam,jsma0.0011.0_succ,gen_list_jsma,jsma,cifar,,conv12,0.04196546974888195
exp_2530,success_rate,L2 L1 Linf L0 uqi ergas sam,uni0.11000.9inf_succ,gen_list_uni_inf,uni,cifar,,conv12,0.012672198246697531
exp_2530,success_rate,L2 L1 Linf L0 uqi ergas sam,uni0.11000.9inf_miss,gen_list_uni_inf,uni,cifar,,conv12,0.01966191530114737
exp_2530,success_rate,L2 L1 Linf L0 uqi ergas sam,uni0.11000.7inf_succ,gen_list_uni_inf,uni,cifar,,conv12,0.02462147636569791
exp_2530,success_rate,L2 L1 Linf L0 uqi ergas sam,uni0.11000.7inf_miss,gen_list_uni_inf,uni,cifar,,conv12,0.02460414385952244
exp_2530,success_rate,L2 L1 Linf L0 uqi ergas sam,uni0.11000.5inf_succ,gen_list_uni_inf,uni,cifar,,conv12,0.026599459334115862
exp_2530,success_rate,L2 L1 Linf L0 uqi ergas sam,uni0.11000.5inf_miss,gen_list_uni_inf,uni,cifar,,conv12,0.013008974611219084
exp_2530,success_rate,L2 L1 Linf L0 uqi ergas sam,uni0.11000.2inf_succ,gen_list_uni_inf,uni,cifar,,conv12,0.02157629958468772
exp_2530,success_rate,L2 L1 Linf L0 uqi ergas sam,uni0.11000.2inf_miss,gen_list_uni_inf,uni,cifar,,conv12,0.014698979969868351
exp_2530,success_rate,L2 L1 Linf L0 uqi ergas sam,uni0.41000.9inf_succ,gen_list_uni_inf,uni,cifar,,conv12,0.012841327795330752
exp_2530,success_rate,L2 L1 Linf L0 uqi ergas sam,uni0.41000.9inf_miss,gen_list_uni_inf,uni,cifar,,conv12,0.012497307209421401
exp_2530,success_rate,L2 L1 Linf L0 uqi ergas sam,uni0.41000.7inf_succ,gen_list_uni_inf,uni,cifar,,conv12,0.0053713885786883615
exp_2530,success_rate,L2 L1 Linf L0 uqi ergas sam,uni0.41000.7inf_miss,gen_list_uni_inf,uni,cifar,,conv12,0.014617231043924147
exp_2530,success_rate,L2 L1 Linf L0 uqi ergas sam,uni0.41000.5inf_succ,gen_list_uni_inf,uni,cifar,,conv12,0.025156296058733794
exp_2530,success_rate,L2 L1 Linf L0 uqi ergas sam,uni0.41000.5inf_miss,gen_list_uni_inf,uni,cifar,,conv12,0.0156217892066176
exp_2530,success_rate,L2 L1 Linf L0 uqi ergas sam,uni0.41000.2inf_succ,gen_list_uni_inf,uni,cifar,,conv12,0.06889058675802534
exp_2530,success_rate,L2 L1 Linf L0 uqi ergas sam,uni0.41000.2inf_miss,gen_list_uni_inf,uni,cifar,,conv12,0.022742170107415343
exp_2530,success_rate,L2 L1 Linf L0 uqi ergas sam,uni0.71000.9inf_succ,gen_list_uni_inf,uni,cifar,,conv12,0.02979872415470006
exp_2530,success_rate,L2 L1 Linf L0 uqi ergas sam,uni0.71000.9inf_miss,gen_list_uni_inf,uni,cifar,,conv12,0.017918719156093017
exp_2530,success_rate,L2 L1 Linf L0 uqi ergas sam,uni0.71000.7inf_succ,gen_list_uni_inf,uni,cifar,,conv12,0.014069456985924265
exp_2530,success_rate,L2 L1 Linf L0 uqi ergas sam,uni0.71000.7inf_miss,gen_list_uni_inf,uni,cifar,,conv12,0.02260911318267735
exp_2530,success_rate,L2 L1 Linf L0 uqi ergas sam,uni0.71000.5inf_succ,gen_list_uni_inf,uni,cifar,,conv12,0.004936180172640789
exp_2530,success_rate,L2 L1 Linf L0 uqi ergas sam,uni0.71000.5inf_miss,gen_list_uni_inf,uni,cifar,,conv12,0.014505594876253192
exp_2530,success_rate,L2 L1 Linf L0 uqi ergas sam,uni0.71000.2inf_succ,gen_list_uni_inf,uni,cifar,,conv12,0.0410669522200261
exp_2530,success_rate,L2 L1 Linf L0 uqi ergas sam,uni0.71000.2inf_miss,gen_list_uni_inf,uni,cifar,,conv12,0.010658527629491142
exp_2530,success_rate,L2 L1 Linf L0 uqi ergas sam,uni1.01000.9inf_succ,gen_list_uni_inf,uni,cifar,,conv12,0.01715230855057465
exp_2530,success_rate,L2 L1 Linf L0 uqi ergas sam,uni1.01000.9inf_miss,gen_list_uni_inf,uni,cifar,,conv12,0.008540479705548068
exp_2530,success_rate,L2 L1 Linf L0 uqi ergas sam,uni1.01000.7inf_succ,gen_list_uni_inf,uni,cifar,,conv12,0.01009628223537005
exp_2530,success_rate,L2 L1 Linf L0 uqi ergas sam,uni1.01000.7inf_miss,gen_list_uni_inf,uni,cifar,,conv12,0.06410637445389199
exp_2530,success_rate,L2 L1 Linf L0 uqi ergas sam,uni1.01000.5inf_succ,gen_list_uni_inf,uni,cifar,,conv12,0.03188774208637041
exp_2530,success_rate,L2 L1 Linf L0 uqi ergas sam,uni1.01000.5inf_miss,gen_list_uni_inf,uni,cifar,,conv12,0.031263983325013456
exp_2530,success_rate,L2 L1 Linf L0 uqi ergas sam,uni1.01000.2inf_succ,gen_list_uni_inf,uni,cifar,,conv12,0.07919714506514246
exp_2530,success_rate,L2 L1 Linf L0 uqi ergas sam,uni1.01000.2inf_miss,gen_list_uni_inf,uni,cifar,,conv12,0.01095324196042469
exp_2530,success_rate,L2 L1 Linf L0 uqi ergas sam,uni5.01000.9inf_succ,gen_list_uni_inf,uni,cifar,,conv12,0.018977259428857092
exp_2530,success_rate,L2 L1 Linf L0 uqi ergas sam,uni5.01000.9inf_miss,gen_list_uni_inf,uni,cifar,,conv12,0.009477917453103809
exp_2530,success_rate,L2 L1 Linf L0 uqi ergas sam,uni5.01000.7inf_succ,gen_list_uni_inf,uni,cifar,,conv12,0.022876424499615806
exp_2530,success_rate,L2 L1 Linf L0 uqi ergas sam,uni5.01000.7inf_miss,gen_list_uni_inf,uni,cifar,,conv12,0.016905984609818844
exp_2530,success_rate,L2 L1 Linf L0 uqi ergas sam,uni5.01000.5inf_succ,gen_list_uni_inf,uni,cifar,,conv12,0.021628323325994608
exp_2530,success_rate,L2 L1 Linf L0 uqi ergas sam,uni5.01000.5inf_miss,gen_list_uni_inf,uni,cifar,,conv12,0.013782745885730072
exp_2530,success_rate,L2 L1 Linf L0 uqi ergas sam,uni5.01000.2inf_succ,gen_list_uni_inf,uni,cifar,,conv12,0.01832464855097999
exp_2530,success_rate,L2 L1 Linf L0 uqi ergas sam,uni5.01000.2inf_miss,gen_list_uni_inf,uni,cifar,,conv12,0.024841931550717435
exp_2530,success_rate,L2 L1 Linf L0 uqi ergas sam,uni10.01000.9inf_succ,gen_list_uni_inf,uni,cifar,,conv12,0.018073884380878695
exp_2530,success_rate,L2 L1 Linf L0 uqi ergas sam,uni10.01000.9inf_miss,gen_list_uni_inf,uni,cifar,,conv12,0.02341889677760603
exp_2530,success_rate,L2 L1 Linf L0 uqi ergas sam,uni10.01000.7inf_succ,gen_list_uni_inf,uni,cifar,,conv12,0.00485440248752294
exp_2530,success_rate,L2 L1 Linf L0 uqi ergas sam,uni10.01000.7inf_miss,gen_list_uni_inf,uni,cifar,,conv12,0.00970437814746577
exp_2530,success_rate,L2 L1 Linf L0 uqi ergas sam,uni10.01000.5inf_succ,gen_list_uni_inf,uni,cifar,,conv12,0.01046649978315919
exp_2530,success_rate,L2 L1 Linf L0 uqi ergas sam,uni10.01000.5inf_miss,gen_list_uni_inf,uni,cifar,,conv12,0.015140696343288953
exp_2530,success_rate,L2 L1 Linf L0 uqi ergas sam,uni10.01000.2inf_succ,gen_list_uni_inf,uni,cifar,,conv12,0.01921400288945011
exp_2530,success_rate,L2 L1 Linf L0 uqi ergas sam,uni10.01000.2inf_miss,gen_list_uni_inf,uni,cifar,,conv12,0.0631953639269948
exp_2530,success_rate,L2 L1 Linf L0 uqi ergas sam,uni15.01000.9inf_succ,gen_list_uni_inf,uni,cifar,,conv12,0.010111702172777159
exp_2530,success_rate,L2 L1 Linf L0 uqi ergas sam,uni15.01000.9inf_miss,gen_list_uni_inf,uni,cifar,,conv12,0.03167411518603315
exp_2530,success_rate,L2 L1 Linf L0 uqi ergas sam,uni15.01000.7inf_succ,gen_list_uni_inf,uni,cifar,,conv12,0.00413526312677906
exp_2530,success_rate,L2 L1 Linf L0 uqi ergas sam,uni15.01000.7inf_miss,gen_list_uni_inf,uni,cifar,,conv12,0.013934285901625312
exp_2530,success_rate,L2 L1 Linf L0 uqi ergas sam,uni15.01000.5inf_succ,gen_list_uni_inf,uni,cifar,,conv12,0.012899219063748442
exp_2530,success_rate,L2 L1 Linf L0 uqi ergas sam,uni15.01000.5inf_miss,gen_list_uni_inf,uni,cifar,,conv12,0.011356628386992782
exp_2530,success_rate,L2 L1 Linf L0 uqi ergas sam,uni15.01000.2inf_succ,gen_list_uni_inf,uni,cifar,,conv12,0.026894116645805863
exp_2530,success_rate,L2 L1 Linf L0 uqi ergas sam,uni15.01000.2inf_miss,gen_list_uni_inf,uni,cifar,,conv12,0.014738893052319277
exp_2530,success_rate,L2 L1 Linf L0 uqi ergas sam,uni20.01000.9inf_succ,gen_list_uni_inf,uni,cifar,,conv12,0.007995636913183952
exp_2530,success_rate,L2 L1 Linf L0 uqi ergas sam,uni20.01000.9inf_miss,gen_list_uni_inf,uni,cifar,,conv12,0.02022560605937
exp_2530,success_rate,L2 L1 Linf L0 uqi ergas sam,uni20.01000.7inf_succ,gen_list_uni_inf,uni,cifar,,conv12,0.01251270307243157
exp_2530,success_rate,L2 L1 Linf L0 uqi ergas sam,uni20.01000.7inf_miss,gen_list_uni_inf,uni,cifar,,conv12,0.021377975118791533
exp_2530,success_rate,L2 L1 Linf L0 uqi ergas sam,uni20.01000.5inf_succ,gen_list_uni_inf,uni,cifar,,conv12,0.010086025762924613
exp_2530,success_rate,L2 L1 Linf L0 uqi ergas sam,uni20.01000.5inf_miss,gen_list_uni_inf,uni,cifar,,conv12,0.0108172162412177
exp_2530,success_rate,L2 L1 Linf L0 uqi ergas sam,uni20.01000.2inf_succ,gen_list_uni_inf,uni,cifar,,conv12,0.008716629661050431
exp_2530,success_rate,L2 L1 Linf L0 uqi ergas sam,uni20.01000.2inf_miss,gen_list_uni_inf,uni,cifar,,conv12,0.004294213466157821
