id,label,features,file_name,csv_name,attack,dataset_name,model_nameACC,model_name,ACC
exp_3190,success_rate,Linf L0 mse uqi ergas rase psnrb,bim0.10.1_succ,gen_list_1,bim,cifar,,conv12,0.01132417074314435
exp_3190,success_rate,Linf L0 mse uqi ergas rase psnrb,bim0.10.3_succ,gen_list_1,bim,cifar,,conv12,0.010715929878620032
exp_3190,success_rate,Linf L0 mse uqi ergas rase psnrb,bim0.10.3_miss,gen_list_1,bim,cifar,,conv12,0.004257962897155677
exp_3190,success_rate,Linf L0 mse uqi ergas rase psnrb,bim0.10.5_succ,gen_list_1,bim,cifar,,conv12,0.010715929878620032
exp_3190,success_rate,Linf L0 mse uqi ergas rase psnrb,bim0.10.5_miss,gen_list_1,bim,cifar,,conv12,0.004257962897155677
exp_3190,success_rate,Linf L0 mse uqi ergas rase psnrb,bim0.10.7_succ,gen_list_1,bim,cifar,,conv12,0.010715929878620032
exp_3190,success_rate,Linf L0 mse uqi ergas rase psnrb,bim0.10.7_miss,gen_list_1,bim,cifar,,conv12,0.004257962897155677
exp_3190,success_rate,Linf L0 mse uqi ergas rase psnrb,bim0.10.9_succ,gen_list_1,bim,cifar,,conv12,0.010715929878620032
exp_3190,success_rate,Linf L0 mse uqi ergas rase psnrb,bim0.10.9_miss,gen_list_1,bim,cifar,,conv12,0.004257962897155677
exp_3190,success_rate,Linf L0 mse uqi ergas rase psnrb,bim0.10.01_succ,gen_list_1,bim,cifar,,conv12,0.002963034962338947
exp_3190,success_rate,Linf L0 mse uqi ergas rase psnrb,bim0.10.03_succ,gen_list_1,bim,cifar,,conv12,0.0021361180951712648
exp_3190,success_rate,Linf L0 mse uqi ergas rase psnrb,bim0.10.05_succ,gen_list_1,bim,cifar,,conv12,0.002861073127379893
exp_3190,success_rate,Linf L0 mse uqi ergas rase psnrb,bim0.10.07_succ,gen_list_1,bim,cifar,,conv12,0.0018306259046030895
exp_3190,success_rate,Linf L0 mse uqi ergas rase psnrb,bim0.10.09_succ,gen_list_1,bim,cifar,,conv12,0.0042736099515558595
exp_3190,success_rate,Linf L0 mse uqi ergas rase psnrb,bim0.10.001_succ,gen_list_1,bim,cifar,,conv12,0.05794435641048247
exp_3190,success_rate,Linf L0 mse uqi ergas rase psnrb,bim0.10.003_succ,gen_list_1,bim,cifar,,conv12,0.005134648732712345
exp_3190,success_rate,Linf L0 mse uqi ergas rase psnrb,bim0.10.005_succ,gen_list_1,bim,cifar,,conv12,0.0036614504101269182
exp_3190,success_rate,Linf L0 mse uqi ergas rase psnrb,bim0.10.007_succ,gen_list_1,bim,cifar,,conv12,0.0033781306594436473
exp_3190,success_rate,Linf L0 mse uqi ergas rase psnrb,bim0.10.009_succ,gen_list_1,bim,cifar,,conv12,0.0028422149519883007
exp_3190,success_rate,Linf L0 mse uqi ergas rase psnrb,bim0.010.1_succ,gen_list_1,bim,cifar,,conv12,0.022542508549594515
exp_3190,success_rate,Linf L0 mse uqi ergas rase psnrb,bim0.010.1_miss,gen_list_1,bim,cifar,,conv12,0.027948327871131703
exp_3190,success_rate,Linf L0 mse uqi ergas rase psnrb,bim0.030.1_succ,gen_list_1,bim,cifar,,conv12,0.015332924472270682
exp_3190,success_rate,Linf L0 mse uqi ergas rase psnrb,bim0.030.1_miss,gen_list_1,bim,cifar,,conv12,0.010173296259415416
exp_3190,success_rate,Linf L0 mse uqi ergas rase psnrb,bim0.050.1_succ,gen_list_1,bim,cifar,,conv12,0.010383064433975735
exp_3190,success_rate,Linf L0 mse uqi ergas rase psnrb,bim0.050.1_miss,gen_list_1,bim,cifar,,conv12,0.006294828259973947
exp_3190,success_rate,Linf L0 mse uqi ergas rase psnrb,bim0.070.1_succ,gen_list_1,bim,cifar,,conv12,0.006302136686629634
exp_3190,success_rate,Linf L0 mse uqi ergas rase psnrb,bim0.090.1_succ,gen_list_1,bim,cifar,,conv12,0.004152027654275831
exp_3190,success_rate,Linf L0 mse uqi ergas rase psnrb,bim0.0010.1_succ,gen_list_1,bim,cifar,,conv12,0.0012079721047597756
exp_3190,success_rate,Linf L0 mse uqi ergas rase psnrb,bim0.0010.1_miss,gen_list_1,bim,cifar,,conv12,0.018013981074387845
exp_3190,success_rate,Linf L0 mse uqi ergas rase psnrb,bim0.0030.1_succ,gen_list_1,bim,cifar,,conv12,0.015627818213395164
exp_3190,success_rate,Linf L0 mse uqi ergas rase psnrb,bim0.0030.1_miss,gen_list_1,bim,cifar,,conv12,0.010198909109461547
exp_3190,success_rate,Linf L0 mse uqi ergas rase psnrb,bim0.0050.1_succ,gen_list_1,bim,cifar,,conv12,0.010926745850371237
exp_3190,success_rate,Linf L0 mse uqi ergas rase psnrb,bim0.0050.1_miss,gen_list_1,bim,cifar,,conv12,0.06159997792383488
exp_3190,success_rate,Linf L0 mse uqi ergas rase psnrb,bim0.0070.1_succ,gen_list_1,bim,cifar,,conv12,0.014273739787012303
exp_3190,success_rate,Linf L0 mse uqi ergas rase psnrb,bim0.0070.1_miss,gen_list_1,bim,cifar,,conv12,0.010376947147956032
exp_3190,success_rate,Linf L0 mse uqi ergas rase psnrb,bim0.0090.1_succ,gen_list_1,bim,cifar,,conv12,0.012966760931715565
exp_3190,success_rate,Linf L0 mse uqi ergas rase psnrb,bim0.0090.1_miss,gen_list_1,bim,cifar,,conv12,0.00919161160621776
exp_3190,success_rate,Linf L0 mse uqi ergas rase psnrb,fgm0.01_succ,gen_list_1,fgm,cifar,,conv12,0.028806187988635195
exp_3190,success_rate,Linf L0 mse uqi ergas rase psnrb,fgm0.01_miss,gen_list_1,fgm,cifar,,conv12,0.01359741968267103
exp_3190,success_rate,Linf L0 mse uqi ergas rase psnrb,fgm0.03_succ,gen_list_1,fgm,cifar,,conv12,0.017863614314117905
exp_3190,success_rate,Linf L0 mse uqi ergas rase psnrb,fgm0.03_miss,gen_list_1,fgm,cifar,,conv12,0.007172701639287626
exp_3190,success_rate,Linf L0 mse uqi ergas rase psnrb,fgm0.05_succ,gen_list_1,fgm,cifar,,conv12,0.016279768401237966
exp_3190,success_rate,Linf L0 mse uqi ergas rase psnrb,fgm0.05_miss,gen_list_1,fgm,cifar,,conv12,0.005796547953895352
exp_3190,success_rate,Linf L0 mse uqi ergas rase psnrb,fgm0.07_succ,gen_list_1,fgm,cifar,,conv12,0.010526841262982149
exp_3190,success_rate,Linf L0 mse uqi ergas rase psnrb,fgm0.07_miss,gen_list_1,fgm,cifar,,conv12,0.0048894847687377604
exp_3190,success_rate,Linf L0 mse uqi ergas rase psnrb,fgm0.09_succ,gen_list_1,fgm,cifar,,conv12,0.005128535751721734
exp_3190,success_rate,Linf L0 mse uqi ergas rase psnrb,fgm0.09_miss,gen_list_1,fgm,cifar,,conv12,0.004305573657876476
exp_3190,success_rate,Linf L0 mse uqi ergas rase psnrb,fgm0.001_succ,gen_list_1,fgm,cifar,,conv12,0.0010210240182371541
exp_3190,success_rate,Linf L0 mse uqi ergas rase psnrb,fgm0.001_miss,gen_list_1,fgm,cifar,,conv12,0.019865887275120724
exp_3190,success_rate,Linf L0 mse uqi ergas rase psnrb,fgm0.003_succ,gen_list_1,fgm,cifar,,conv12,0.012266583256709873
exp_3190,success_rate,Linf L0 mse uqi ergas rase psnrb,fgm0.003_miss,gen_list_1,fgm,cifar,,conv12,0.018895738251372626
exp_3190,success_rate,Linf L0 mse uqi ergas rase psnrb,fgm0.005_succ,gen_list_1,fgm,cifar,,conv12,0.0065432790240463334
exp_3190,success_rate,Linf L0 mse uqi ergas rase psnrb,fgm0.005_miss,gen_list_1,fgm,cifar,,conv12,0.05452918205684021
exp_3190,success_rate,Linf L0 mse uqi ergas rase psnrb,fgm0.007_succ,gen_list_1,fgm,cifar,,conv12,0.01487974715398172
exp_3190,success_rate,Linf L0 mse uqi ergas rase psnrb,fgm0.007_miss,gen_list_1,fgm,cifar,,conv12,0.03163376445015658
exp_3190,success_rate,Linf L0 mse uqi ergas rase psnrb,fgm0.009_succ,gen_list_1,fgm,cifar,,conv12,0.013605528794709557
exp_3190,success_rate,Linf L0 mse uqi ergas rase psnrb,fgm0.009_miss,gen_list_1,fgm,cifar,,conv12,0.007125987024868219
exp_3190,success_rate,Linf L0 mse uqi ergas rase psnrb,deep10.0100_succ,gen_list_1,deep,cifar,,conv12,0.12233464466847474
exp_3190,success_rate,Linf L0 mse uqi ergas rase psnrb,deep8.0100_succ,gen_list_1,deep,cifar,,conv12,0.09112440644099985
exp_3190,success_rate,Linf L0 mse uqi ergas rase psnrb,deep6.0100_succ,gen_list_1,deep,cifar,,conv12,0.16631022500895132
exp_3190,success_rate,Linf L0 mse uqi ergas rase psnrb,deep4.0100_succ,gen_list_1,deep,cifar,,conv12,0.0267968391505825
exp_3190,success_rate,Linf L0 mse uqi ergas rase psnrb,deep2.0100_succ,gen_list_1,deep,cifar,,conv12,0.08142797334584993
exp_3190,success_rate,Linf L0 mse uqi ergas rase psnrb,deep0.0100_succ,gen_list_1,deep,cifar,,conv12,0.14499451559101154
exp_3190,success_rate,Linf L0 mse uqi ergas rase psnrb,deep0.0100_miss,gen_list_1,deep,cifar,,conv12,0.14929379422127076
exp_3190,success_rate,Linf L0 mse uqi ergas rase psnrb,deep5.010_succ,gen_list_1,deep,cifar,,conv12,0.10650776315843687
exp_3190,success_rate,Linf L0 mse uqi ergas rase psnrb,deep5.030_succ,gen_list_1,deep,cifar,,conv12,0.10650776315843687
exp_3190,success_rate,Linf L0 mse uqi ergas rase psnrb,deep5.050_succ,gen_list_1,deep,cifar,,conv12,0.10650776315843687
exp_3190,success_rate,Linf L0 mse uqi ergas rase psnrb,deep5.070_succ,gen_list_1,deep,cifar,,conv12,0.10650776315843687
exp_3190,success_rate,Linf L0 mse uqi ergas rase psnrb,deep5.090_succ,gen_list_1,deep,cifar,,conv12,0.10650776315843687
exp_3190,success_rate,Linf L0 mse uqi ergas rase psnrb,deep5.0100_succ,gen_list_1,deep,cifar,,conv12,0.10650776315843687
exp_3190,success_rate,Linf L0 mse uqi ergas rase psnrb,deep5.0150_succ,gen_list_1,deep,cifar,,conv12,0.10650776315843687
exp_3190,success_rate,Linf L0 mse uqi ergas rase psnrb,deep5.0200_succ,gen_list_1,deep,cifar,,conv12,0.10650776315843687
exp_3190,success_rate,Linf L0 mse uqi ergas rase psnrb,deep5.0300_succ,gen_list_1,deep,cifar,,conv12,0.10650776315843687
exp_3190,success_rate,Linf L0 mse uqi ergas rase psnrb,cw250.0100_succ,gen_list_3,cw2,cifar,,conv12,0.08805546853636241
exp_3190,success_rate,Linf L0 mse uqi ergas rase psnrb,cw240.0100_succ,gen_list_3,cw2,cifar,,conv12,0.11485626825703861
exp_3190,success_rate,Linf L0 mse uqi ergas rase psnrb,cw230.0100_succ,gen_list_3,cw2,cifar,,conv12,0.11175930606172237
exp_3190,success_rate,Linf L0 mse uqi ergas rase psnrb,cw220.0100_succ,gen_list_3,cw2,cifar,,conv12,0.06683919808498183
exp_3190,success_rate,Linf L0 mse uqi ergas rase psnrb,cw215.0100_succ,gen_list_3,cw2,cifar,,conv12,0.014368549943624642
exp_3190,success_rate,Linf L0 mse uqi ergas rase psnrb,cw210.0100_succ,gen_list_3,cw2,cifar,,conv12,0.015407892848442906
exp_3190,success_rate,Linf L0 mse uqi ergas rase psnrb,cw25.0100_succ,gen_list_3,cw2,cifar,,conv12,0.0261581951852531
exp_3190,success_rate,Linf L0 mse uqi ergas rase psnrb,cw21.0100_succ,gen_list_3,cw2,cifar,,conv12,0.02086656735077898
exp_3190,success_rate,Linf L0 mse uqi ergas rase psnrb,cw210.010_succ,gen_list_3,cw2,cifar,,conv12,0.009264137410846205
exp_3190,success_rate,Linf L0 mse uqi ergas rase psnrb,cw210.030_succ,gen_list_3,cw2,cifar,,conv12,0.018868252154924565
exp_3190,success_rate,Linf L0 mse uqi ergas rase psnrb,cw210.050_succ,gen_list_3,cw2,cifar,,conv12,0.015407892848442906
exp_3190,success_rate,Linf L0 mse uqi ergas rase psnrb,cw210.060_succ,gen_list_3,cw2,cifar,,conv12,0.015407892848442906
exp_3190,success_rate,Linf L0 mse uqi ergas rase psnrb,cw210.080_succ,gen_list_3,cw2,cifar,,conv12,0.015407892848442906
exp_3190,success_rate,Linf L0 mse uqi ergas rase psnrb,cw210.0200_succ,gen_list_3,cw2,cifar,,conv12,0.015407892848442906
exp_3190,success_rate,Linf L0 mse uqi ergas rase psnrb,cw210.0500_succ,gen_list_3,cw2,cifar,,conv12,0.015407892848442906
exp_3190,success_rate,Linf L0 mse uqi ergas rase psnrb,cw210.0800_succ,gen_list_3,cw2,cifar,,conv12,0.015407892848442906
exp_3190,success_rate,Linf L0 mse uqi ergas rase psnrb,cw210.01000_succ,gen_list_3,cw2,cifar,,conv12,0.015407892848442906
exp_3190,success_rate,Linf L0 mse uqi ergas rase psnrb,boundary50000.010.0125_succ,gen_list_boundary,boundary,cifar,,conv12,0.05347400939951073
exp_3190,success_rate,Linf L0 mse uqi ergas rase psnrb,boundary50000.010.0125_miss,gen_list_boundary,boundary,cifar,,conv12,0.021216247800232055
exp_3190,success_rate,Linf L0 mse uqi ergas rase psnrb,boundary45000.010.0125_succ,gen_list_boundary,boundary,cifar,,conv12,0.04718917197246269
exp_3190,success_rate,Linf L0 mse uqi ergas rase psnrb,boundary40000.010.0125_succ,gen_list_boundary,boundary,cifar,,conv12,0.04736115403446773
exp_3190,success_rate,Linf L0 mse uqi ergas rase psnrb,boundary35000.010.0125_succ,gen_list_boundary,boundary,cifar,,conv12,0.04664740396691137
exp_3190,success_rate,Linf L0 mse uqi ergas rase psnrb,boundary30000.010.0125_succ,gen_list_boundary,boundary,cifar,,conv12,0.07072155408367926
exp_3190,success_rate,Linf L0 mse uqi ergas rase psnrb,boundary30000.010.0125_miss,gen_list_boundary,boundary,cifar,,conv12,0.03215867491329416
exp_3190,success_rate,Linf L0 mse uqi ergas rase psnrb,boundary25000.010.0125_succ,gen_list_boundary,boundary,cifar,,conv12,0.05146348692558214
exp_3190,success_rate,Linf L0 mse uqi ergas rase psnrb,boundary20000.010.0125_succ,gen_list_boundary,boundary,cifar,,conv12,0.05179498432713705
exp_3190,success_rate,Linf L0 mse uqi ergas rase psnrb,boundary15000.010.0125_succ,gen_list_boundary,boundary,cifar,,conv12,0.016202058222905557
exp_3190,success_rate,Linf L0 mse uqi ergas rase psnrb,boundary10000.010.0125_succ,gen_list_boundary,boundary,cifar,,conv12,0.05289868602551697
exp_3190,success_rate,Linf L0 mse uqi ergas rase psnrb,boundary5000.010.0125_succ,gen_list_boundary,boundary,cifar,,conv12,0.02177225834764531
exp_3190,success_rate,Linf L0 mse uqi ergas rase psnrb,boundary45000.010.0325_succ,gen_list_boundary,boundary,cifar,,conv12,0.04519551105418111
exp_3190,success_rate,Linf L0 mse uqi ergas rase psnrb,boundary40000.010.0525_succ,gen_list_boundary,boundary,cifar,,conv12,0.012658402412236602
exp_3190,success_rate,Linf L0 mse uqi ergas rase psnrb,boundary35000.010.0725_succ,gen_list_boundary,boundary,cifar,,conv12,0.0461137298684452
exp_3190,success_rate,Linf L0 mse uqi ergas rase psnrb,boundary30000.010.0925_succ,gen_list_boundary,boundary,cifar,,conv12,0.04770712869127631
exp_3190,success_rate,Linf L0 mse uqi ergas rase psnrb,boundary25000.010.125_succ,gen_list_boundary,boundary,cifar,,conv12,0.04929089203554317
exp_3190,success_rate,Linf L0 mse uqi ergas rase psnrb,boundary25000.010.125_miss,gen_list_boundary,boundary,cifar,,conv12,0.01058226893929859
exp_3190,success_rate,Linf L0 mse uqi ergas rase psnrb,boundary20000.010.325_succ,gen_list_boundary,boundary,cifar,,conv12,0.01761129684065401
exp_3190,success_rate,Linf L0 mse uqi ergas rase psnrb,boundary15000.010.525_succ,gen_list_boundary,boundary,cifar,,conv12,0.055227183445444306
exp_3190,success_rate,Linf L0 mse uqi ergas rase psnrb,boundary10000.010.725_succ,gen_list_boundary,boundary,cifar,,conv12,0.00855603519783134
exp_3190,success_rate,Linf L0 mse uqi ergas rase psnrb,boundary5000.010.925_succ,gen_list_boundary,boundary,cifar,,conv12,0.04644723882174338
exp_3190,success_rate,Linf L0 mse uqi ergas rase psnrb,boundary50000.010.00125_succ,gen_list_boundary,boundary,cifar,,conv12,0.013169390666297182
exp_3190,success_rate,Linf L0 mse uqi ergas rase psnrb,boundary50000.010.00325_succ,gen_list_boundary,boundary,cifar,,conv12,0.04750317346772984
exp_3190,success_rate,Linf L0 mse uqi ergas rase psnrb,boundary50000.010.00525_succ,gen_list_boundary,boundary,cifar,,conv12,0.04702547398584604
exp_3190,success_rate,Linf L0 mse uqi ergas rase psnrb,boundary50000.010.00525_miss,gen_list_boundary,boundary,cifar,,conv12,0.002904711751376743
exp_3190,success_rate,Linf L0 mse uqi ergas rase psnrb,boundary50000.010.00725_succ,gen_list_boundary,boundary,cifar,,conv12,0.04924720239295187
exp_3190,success_rate,Linf L0 mse uqi ergas rase psnrb,boundary50000.010.00725_miss,gen_list_boundary,boundary,cifar,,conv12,0.003726900325101812
exp_3190,success_rate,Linf L0 mse uqi ergas rase psnrb,boundary50000.010.00925_succ,gen_list_boundary,boundary,cifar,,conv12,0.08692292030498125
exp_3190,success_rate,Linf L0 mse uqi ergas rase psnrb,boundary50000.030.0125_succ,gen_list_boundary,boundary,cifar,,conv12,0.04454100912167234
exp_3190,success_rate,Linf L0 mse uqi ergas rase psnrb,boundary50000.050.0225_succ,gen_list_boundary,boundary,cifar,,conv12,0.03836985487429013
exp_3190,success_rate,Linf L0 mse uqi ergas rase psnrb,boundary50000.050.0225_miss,gen_list_boundary,boundary,cifar,,conv12,0.08951413253423746
exp_3190,success_rate,Linf L0 mse uqi ergas rase psnrb,boundary50000.070.0225_succ,gen_list_boundary,boundary,cifar,,conv12,0.046534730075196526
exp_3190,success_rate,Linf L0 mse uqi ergas rase psnrb,boundary50000.070.0225_miss,gen_list_boundary,boundary,cifar,,conv12,0.010077179880703335
exp_3190,success_rate,Linf L0 mse uqi ergas rase psnrb,boundary50000.090.0325_succ,gen_list_boundary,boundary,cifar,,conv12,0.059813984622696624
exp_3190,success_rate,Linf L0 mse uqi ergas rase psnrb,boundary50000.10.0325_succ,gen_list_boundary,boundary,cifar,,conv12,0.048150501332326574
exp_3190,success_rate,Linf L0 mse uqi ergas rase psnrb,boundary50000.30.0425_succ,gen_list_boundary,boundary,cifar,,conv12,0.04354102280500353
exp_3190,success_rate,Linf L0 mse uqi ergas rase psnrb,boundary50000.50.0425_succ,gen_list_boundary,boundary,cifar,,conv12,0.047177969155562195
exp_3190,success_rate,Linf L0 mse uqi ergas rase psnrb,boundary50000.70.0525_succ,gen_list_boundary,boundary,cifar,,conv12,0.044583112632651536
exp_3190,success_rate,Linf L0 mse uqi ergas rase psnrb,boundary50000.90.0525_succ,gen_list_boundary,boundary,cifar,,conv12,0.04860347482810288
exp_3190,success_rate,Linf L0 mse uqi ergas rase psnrb,boundary50000.90.0525_miss,gen_list_boundary,boundary,cifar,,conv12,0.001030088172239263
exp_3190,success_rate,Linf L0 mse uqi ergas rase psnrb,boundary50000.0010.0625_succ,gen_list_boundary,boundary,cifar,,conv12,0.04648399646725672
exp_3190,success_rate,Linf L0 mse uqi ergas rase psnrb,boundary50000.0030.0625_succ,gen_list_boundary,boundary,cifar,,conv12,0.045187062743917934
exp_3190,success_rate,Linf L0 mse uqi ergas rase psnrb,boundary50000.0030.0625_miss,gen_list_boundary,boundary,cifar,,conv12,0.00802123406354105
exp_3190,success_rate,Linf L0 mse uqi ergas rase psnrb,boundary50000.0050.0725_succ,gen_list_boundary,boundary,cifar,,conv12,0.046474523484899354
exp_3190,success_rate,Linf L0 mse uqi ergas rase psnrb,boundary50000.0050.0725_miss,gen_list_boundary,boundary,cifar,,conv12,0.0023713728960822467
exp_3190,success_rate,Linf L0 mse uqi ergas rase psnrb,boundary50000.0070.0725_succ,gen_list_boundary,boundary,cifar,,conv12,0.05269382667902992
exp_3190,success_rate,Linf L0 mse uqi ergas rase psnrb,boundary50000.0090.0825_succ,gen_list_boundary,boundary,cifar,,conv12,0.046481393613611165
exp_3190,success_rate,Linf L0 mse uqi ergas rase psnrb,elastic100.0_succ,gen_list_elastic,elastic,cifar,,conv12,0.017734575980987318
exp_3190,success_rate,Linf L0 mse uqi ergas rase psnrb,elastic300.0_succ,gen_list_elastic,elastic,cifar,,conv12,0.010368728330646693
exp_3190,success_rate,Linf L0 mse uqi ergas rase psnrb,elastic500.0_succ,gen_list_elastic,elastic,cifar,,conv12,0.009873451886875037
exp_3190,success_rate,Linf L0 mse uqi ergas rase psnrb,elastic700.0_succ,gen_list_elastic,elastic,cifar,,conv12,0.008706953968987676
exp_3190,success_rate,Linf L0 mse uqi ergas rase psnrb,elastic101.0_succ,gen_list_elastic,elastic,cifar,,conv12,0.011657206461161354
exp_3190,success_rate,Linf L0 mse uqi ergas rase psnrb,elastic301.0_succ,gen_list_elastic,elastic,cifar,,conv12,0.009462888603516907
exp_3190,success_rate,Linf L0 mse uqi ergas rase psnrb,elastic501.0_succ,gen_list_elastic,elastic,cifar,,conv12,0.009176966611817543
exp_3190,success_rate,Linf L0 mse uqi ergas rase psnrb,elastic701.0_succ,gen_list_elastic,elastic,cifar,,conv12,0.00900116426300662
exp_3190,success_rate,Linf L0 mse uqi ergas rase psnrb,elastic901.0_succ,gen_list_elastic,elastic,cifar,,conv12,0.01393814643459743
exp_3190,success_rate,Linf L0 mse uqi ergas rase psnrb,elastic103.0_succ,gen_list_elastic,elastic,cifar,,conv12,0.010358804867936382
exp_3190,success_rate,Linf L0 mse uqi ergas rase psnrb,elastic303.0_succ,gen_list_elastic,elastic,cifar,,conv12,0.009818458500114374
exp_3190,success_rate,Linf L0 mse uqi ergas rase psnrb,elastic503.0_succ,gen_list_elastic,elastic,cifar,,conv12,0.008360012193228551
exp_3190,success_rate,Linf L0 mse uqi ergas rase psnrb,elastic703.0_succ,gen_list_elastic,elastic,cifar,,conv12,0.008004654866542551
exp_3190,success_rate,Linf L0 mse uqi ergas rase psnrb,elastic903.0_succ,gen_list_elastic,elastic,cifar,,conv12,0.01275661303184876
exp_3190,success_rate,Linf L0 mse uqi ergas rase psnrb,elastic105.0_succ,gen_list_elastic,elastic,cifar,,conv12,0.010098013519061208
exp_3190,success_rate,Linf L0 mse uqi ergas rase psnrb,elastic305.0_succ,gen_list_elastic,elastic,cifar,,conv12,0.009818458500114374
exp_3190,success_rate,Linf L0 mse uqi ergas rase psnrb,elastic505.0_succ,gen_list_elastic,elastic,cifar,,conv12,0.008360012193228551
exp_3190,success_rate,Linf L0 mse uqi ergas rase psnrb,elastic705.0_succ,gen_list_elastic,elastic,cifar,,conv12,0.008004654866542551
exp_3190,success_rate,Linf L0 mse uqi ergas rase psnrb,elastic905.0_succ,gen_list_elastic,elastic,cifar,,conv12,0.01275661303184876
exp_3190,success_rate,Linf L0 mse uqi ergas rase psnrb,elastic107.0_succ,gen_list_elastic,elastic,cifar,,conv12,0.010098013519061208
exp_3190,success_rate,Linf L0 mse uqi ergas rase psnrb,elastic307.0_succ,gen_list_elastic,elastic,cifar,,conv12,0.009818458500114374
exp_3190,success_rate,Linf L0 mse uqi ergas rase psnrb,elastic507.0_succ,gen_list_elastic,elastic,cifar,,conv12,0.008360012193228551
exp_3190,success_rate,Linf L0 mse uqi ergas rase psnrb,elastic707.0_succ,gen_list_elastic,elastic,cifar,,conv12,0.008004654866542551
exp_3190,success_rate,Linf L0 mse uqi ergas rase psnrb,elastic907.0_succ,gen_list_elastic,elastic,cifar,,conv12,0.01275661303184876
exp_3190,success_rate,Linf L0 mse uqi ergas rase psnrb,elastic1010.0_succ,gen_list_elastic,elastic,cifar,,conv12,0.010098013519061208
exp_3190,success_rate,Linf L0 mse uqi ergas rase psnrb,elastic3010.0_succ,gen_list_elastic,elastic,cifar,,conv12,0.009818458500114374
exp_3190,success_rate,Linf L0 mse uqi ergas rase psnrb,elastic5010.0_succ,gen_list_elastic,elastic,cifar,,conv12,0.008360012193228551
exp_3190,success_rate,Linf L0 mse uqi ergas rase psnrb,elastic7010.0_succ,gen_list_elastic,elastic,cifar,,conv12,0.008004654866542551
exp_3190,success_rate,Linf L0 mse uqi ergas rase psnrb,elastic9010.0_succ,gen_list_elastic,elastic,cifar,,conv12,0.01275661303184876
exp_3190,success_rate,Linf L0 mse uqi ergas rase psnrb,elastic1020.0_succ,gen_list_elastic,elastic,cifar,,conv12,0.010098013519061208
exp_3190,success_rate,Linf L0 mse uqi ergas rase psnrb,elastic3020.0_succ,gen_list_elastic,elastic,cifar,,conv12,0.009818458500114374
exp_3190,success_rate,Linf L0 mse uqi ergas rase psnrb,elastic5020.0_succ,gen_list_elastic,elastic,cifar,,conv12,0.008360012193228551
exp_3190,success_rate,Linf L0 mse uqi ergas rase psnrb,elastic7020.0_succ,gen_list_elastic,elastic,cifar,,conv12,0.008004654866542551
exp_3190,success_rate,Linf L0 mse uqi ergas rase psnrb,elastic9020.0_succ,gen_list_elastic,elastic,cifar,,conv12,0.01275661303184876
exp_3190,success_rate,Linf L0 mse uqi ergas rase psnrb,elastic1050.0_succ,gen_list_elastic,elastic,cifar,,conv12,0.010098013519061208
exp_3190,success_rate,Linf L0 mse uqi ergas rase psnrb,elastic3050.0_succ,gen_list_elastic,elastic,cifar,,conv12,0.009818458500114374
exp_3190,success_rate,Linf L0 mse uqi ergas rase psnrb,elastic5050.0_succ,gen_list_elastic,elastic,cifar,,conv12,0.008360012193228551
exp_3190,success_rate,Linf L0 mse uqi ergas rase psnrb,elastic7050.0_succ,gen_list_elastic,elastic,cifar,,conv12,0.008004654866542551
exp_3190,success_rate,Linf L0 mse uqi ergas rase psnrb,elastic9050.0_succ,gen_list_elastic,elastic,cifar,,conv12,0.01275661303184876
exp_3190,success_rate,Linf L0 mse uqi ergas rase psnrb,newton0.1100_succ,gen_list_newton,newton,cifar,,conv12,0.016510124738677488
exp_3190,success_rate,Linf L0 mse uqi ergas rase psnrb,newton0.03100_succ,gen_list_newton,newton,cifar,,conv12,0.016510124738677488
exp_3190,success_rate,Linf L0 mse uqi ergas rase psnrb,newton0.05100_succ,gen_list_newton,newton,cifar,,conv12,0.016510124738677488
exp_3190,success_rate,Linf L0 mse uqi ergas rase psnrb,newton0.07100_succ,gen_list_newton,newton,cifar,,conv12,0.016510124738677488
exp_3190,success_rate,Linf L0 mse uqi ergas rase psnrb,newton0.09100_succ,gen_list_newton,newton,cifar,,conv12,0.016510124738677488
exp_3190,success_rate,Linf L0 mse uqi ergas rase psnrb,newton1.0100_succ,gen_list_newton,newton,cifar,,conv12,0.016510124738677488
exp_3190,success_rate,Linf L0 mse uqi ergas rase psnrb,newton3.0100_succ,gen_list_newton,newton,cifar,,conv12,0.016510124738677488
exp_3190,success_rate,Linf L0 mse uqi ergas rase psnrb,newton5.0100_succ,gen_list_newton,newton,cifar,,conv12,0.016510124738677488
exp_3190,success_rate,Linf L0 mse uqi ergas rase psnrb,newton7.0100_succ,gen_list_newton,newton,cifar,,conv12,0.016510124738677488
exp_3190,success_rate,Linf L0 mse uqi ergas rase psnrb,newton9.0100_succ,gen_list_newton,newton,cifar,,conv12,0.016510124738677488
exp_3190,success_rate,Linf L0 mse uqi ergas rase psnrb,newton0.0110_succ,gen_list_newton,newton,cifar,,conv12,0.013503862647131255
exp_3190,success_rate,Linf L0 mse uqi ergas rase psnrb,newton0.0130_succ,gen_list_newton,newton,cifar,,conv12,0.013503862647131255
exp_3190,success_rate,Linf L0 mse uqi ergas rase psnrb,newton0.0150_succ,gen_list_newton,newton,cifar,,conv12,0.013503862647131255
exp_3190,success_rate,Linf L0 mse uqi ergas rase psnrb,newton0.0170_succ,gen_list_newton,newton,cifar,,conv12,0.013503862647131255
exp_3190,success_rate,Linf L0 mse uqi ergas rase psnrb,newton0.0190_succ,gen_list_newton,newton,cifar,,conv12,0.013503862647131255
exp_3190,success_rate,Linf L0 mse uqi ergas rase psnrb,newton0.01100_succ,gen_list_newton,newton,cifar,,conv12,0.013503862647131255
exp_3190,success_rate,Linf L0 mse uqi ergas rase psnrb,newton0.01150_succ,gen_list_newton,newton,cifar,,conv12,0.013503862647131255
exp_3190,success_rate,Linf L0 mse uqi ergas rase psnrb,newton0.01200_succ,gen_list_newton,newton,cifar,,conv12,0.013503862647131255
exp_3190,success_rate,Linf L0 mse uqi ergas rase psnrb,newton0.01300_succ,gen_list_newton,newton,cifar,,conv12,0.013503862647131255
exp_3190,success_rate,Linf L0 mse uqi ergas rase psnrb,pgd0.1100_succ,gen_list_pgd,pgd,cifar,,conv12,0.001780169819680611
exp_3190,success_rate,Linf L0 mse uqi ergas rase psnrb,pgd0.03100_succ,gen_list_pgd,pgd,cifar,,conv12,0.029570893075779432
exp_3190,success_rate,Linf L0 mse uqi ergas rase psnrb,pgd0.05100_succ,gen_list_pgd,pgd,cifar,,conv12,0.010578681281722364
exp_3190,success_rate,Linf L0 mse uqi ergas rase psnrb,pgd0.07100_succ,gen_list_pgd,pgd,cifar,,conv12,0.004952807008333746
exp_3190,success_rate,Linf L0 mse uqi ergas rase psnrb,pgd0.09100_succ,gen_list_pgd,pgd,cifar,,conv12,0.00843125432014673
exp_3190,success_rate,Linf L0 mse uqi ergas rase psnrb,pgd1.0100_succ,gen_list_pgd,pgd,cifar,,conv12,0.004243176577466586
exp_3190,success_rate,Linf L0 mse uqi ergas rase psnrb,pgd3.0100_succ,gen_list_pgd,pgd,cifar,,conv12,0.0022603643518231955
exp_3190,success_rate,Linf L0 mse uqi ergas rase psnrb,pgd5.0100_succ,gen_list_pgd,pgd,cifar,,conv12,0.0014070986628889294
exp_3190,success_rate,Linf L0 mse uqi ergas rase psnrb,pgd7.0100_succ,gen_list_pgd,pgd,cifar,,conv12,0.002222719953053815
exp_3190,success_rate,Linf L0 mse uqi ergas rase psnrb,pgd9.0100_succ,gen_list_pgd,pgd,cifar,,conv12,0.0044422482625063745
exp_3190,success_rate,Linf L0 mse uqi ergas rase psnrb,pgd0.110_succ,gen_list_pgd,pgd,cifar,,conv12,0.004046823630657983
exp_3190,success_rate,Linf L0 mse uqi ergas rase psnrb,pgd0.130_succ,gen_list_pgd,pgd,cifar,,conv12,0.0034660842838403027
exp_3190,success_rate,Linf L0 mse uqi ergas rase psnrb,pgd0.150_succ,gen_list_pgd,pgd,cifar,,conv12,0.0045322508270302046
exp_3190,success_rate,Linf L0 mse uqi ergas rase psnrb,pgd0.170_succ,gen_list_pgd,pgd,cifar,,conv12,0.0014878423631415672
exp_3190,success_rate,Linf L0 mse uqi ergas rase psnrb,pgd0.190_succ,gen_list_pgd,pgd,cifar,,conv12,0.0033476189624180005
exp_3190,success_rate,Linf L0 mse uqi ergas rase psnrb,pgd0.1150_succ,gen_list_pgd,pgd,cifar,,conv12,0.0012299516087843462
exp_3190,success_rate,Linf L0 mse uqi ergas rase psnrb,pgd0.1200_succ,gen_list_pgd,pgd,cifar,,conv12,0.0025081228499466636
exp_3190,success_rate,Linf L0 mse uqi ergas rase psnrb,pgd0.1300_succ,gen_list_pgd,pgd,cifar,,conv12,0.005367307285860298
exp_3190,success_rate,Linf L0 mse uqi ergas rase psnrb,zoo11010.0_succ,gen_list_zoo,zoo,cifar,,conv12,0.17462472231388665
exp_3190,success_rate,Linf L0 mse uqi ergas rase psnrb,zoo11010.0_miss,gen_list_zoo,zoo,cifar,,conv12,0.09921035606728547
exp_3190,success_rate,Linf L0 mse uqi ergas rase psnrb,zoo12010.0_succ,gen_list_zoo,zoo,cifar,,conv12,0.058002993603693195
exp_3190,success_rate,Linf L0 mse uqi ergas rase psnrb,zoo12010.0_miss,gen_list_zoo,zoo,cifar,,conv12,0.04319052274808514
exp_3190,success_rate,Linf L0 mse uqi ergas rase psnrb,zoo13010.0_succ,gen_list_zoo,zoo,cifar,,conv12,0.041864295462586965
exp_3190,success_rate,Linf L0 mse uqi ergas rase psnrb,zoo14010.0_succ,gen_list_zoo,zoo,cifar,,conv12,0.025487337319259683
exp_3190,success_rate,Linf L0 mse uqi ergas rase psnrb,zoo14010.0_miss,gen_list_zoo,zoo,cifar,,conv12,0.07926523194593538
exp_3190,success_rate,Linf L0 mse uqi ergas rase psnrb,zoo15010.0_succ,gen_list_zoo,zoo,cifar,,conv12,0.027838152387427678
exp_3190,success_rate,Linf L0 mse uqi ergas rase psnrb,zoo15010.0_miss,gen_list_zoo,zoo,cifar,,conv12,0.02806961045545686
exp_3190,success_rate,Linf L0 mse uqi ergas rase psnrb,zoo16010.0_succ,gen_list_zoo,zoo,cifar,,conv12,0.03596144157717361
exp_3190,success_rate,Linf L0 mse uqi ergas rase psnrb,zoo17010.0_succ,gen_list_zoo,zoo,cifar,,conv12,0.038315846322370346
exp_3190,success_rate,Linf L0 mse uqi ergas rase psnrb,zoo18010.0_succ,gen_list_zoo,zoo,cifar,,conv12,0.0511166430563274
exp_3190,success_rate,Linf L0 mse uqi ergas rase psnrb,zoo18010.0_miss,gen_list_zoo,zoo,cifar,,conv12,0.06544571834452007
exp_3190,success_rate,Linf L0 mse uqi ergas rase psnrb,zoo19010.0_succ,gen_list_zoo,zoo,cifar,,conv12,0.0474296871106017
exp_3190,success_rate,Linf L0 mse uqi ergas rase psnrb,zoo19010.0_miss,gen_list_zoo,zoo,cifar,,conv12,0.03752844894633578
exp_3190,success_rate,Linf L0 mse uqi ergas rase psnrb,zoo20010.0_succ,gen_list_zoo,zoo,cifar,,conv12,0.038608859936663416
exp_3190,success_rate,Linf L0 mse uqi ergas rase psnrb,hopskipnan5020000100100_succ,gen_list_hopskip,hopskip,cifar,,conv12,0.01814247139045439
exp_3190,success_rate,Linf L0 mse uqi ergas rase psnrb,hopskipnan5018000100100_succ,gen_list_hopskip,hopskip,cifar,,conv12,0.016478289557206028
exp_3190,success_rate,Linf L0 mse uqi ergas rase psnrb,hopskipnan5012000100100_succ,gen_list_hopskip,hopskip,cifar,,conv12,0.0519825444988279
exp_3190,success_rate,Linf L0 mse uqi ergas rase psnrb,hopskipnan5010000100100_succ,gen_list_hopskip,hopskip,cifar,,conv12,0.05178745069606805
exp_3190,success_rate,Linf L0 mse uqi ergas rase psnrb,hopskipnan508000100100_succ,gen_list_hopskip,hopskip,cifar,,conv12,0.01392533780597364
exp_3190,success_rate,Linf L0 mse uqi ergas rase psnrb,hopskipnan504000100100_succ,gen_list_hopskip,hopskip,cifar,,conv12,0.05192246534372673
exp_3190,success_rate,Linf L0 mse uqi ergas rase psnrb,hopskipnan501000100100_succ,gen_list_hopskip,hopskip,cifar,,conv12,0.01734643560121104
exp_3190,success_rate,Linf L0 mse uqi ergas rase psnrb,hopskipnan50500100100_succ,gen_list_hopskip,hopskip,cifar,,conv12,0.051716720156106046
exp_3190,success_rate,Linf L0 mse uqi ergas rase psnrb,hopskipnan50100100100_succ,gen_list_hopskip,hopskip,cifar,,conv12,0.05281885801981727
exp_3190,success_rate,Linf L0 mse uqi ergas rase psnrb,hopskipnan501000020100_succ,gen_list_hopskip,hopskip,cifar,,conv12,0.021180761017071843
exp_3190,success_rate,Linf L0 mse uqi ergas rase psnrb,hopskipnan501000040100_succ,gen_list_hopskip,hopskip,cifar,,conv12,0.014486892357514504
exp_3190,success_rate,Linf L0 mse uqi ergas rase psnrb,hopskipnan501000060100_succ,gen_list_hopskip,hopskip,cifar,,conv12,0.018777444077779943
exp_3190,success_rate,Linf L0 mse uqi ergas rase psnrb,hopskipnan501000080100_succ,gen_list_hopskip,hopskip,cifar,,conv12,0.020343278542631918
exp_3190,success_rate,Linf L0 mse uqi ergas rase psnrb,hopskipnan5010000200100_succ,gen_list_hopskip,hopskip,cifar,,conv12,0.05039060528518241
exp_3190,success_rate,Linf L0 mse uqi ergas rase psnrb,hopskipnan501000010020_succ,gen_list_hopskip,hopskip,cifar,,conv12,0.008038403989174764
exp_3190,success_rate,Linf L0 mse uqi ergas rase psnrb,hopskipnan501000010040_succ,gen_list_hopskip,hopskip,cifar,,conv12,0.016342274142842325
exp_3190,success_rate,Linf L0 mse uqi ergas rase psnrb,hopskipnan501000010060_succ,gen_list_hopskip,hopskip,cifar,,conv12,0.05129817689872762
exp_3190,success_rate,Linf L0 mse uqi ergas rase psnrb,hopskipnan501000010080_succ,gen_list_hopskip,hopskip,cifar,,conv12,0.051323847496074465
exp_3190,success_rate,Linf L0 mse uqi ergas rase psnrb,hopskipnan5010000100150_succ,gen_list_hopskip,hopskip,cifar,,conv12,0.050179683910632364
exp_3190,success_rate,Linf L0 mse uqi ergas rase psnrb,hopskipnan5010000100200_succ,gen_list_hopskip,hopskip,cifar,,conv12,0.017507951029710984
exp_3190,success_rate,Linf L0 mse uqi ergas rase psnrb,hopskipnan10010000100100_succ,gen_list_hopskip,hopskip,cifar,,conv12,0.05160324222057119
exp_3190,success_rate,Linf L0 mse uqi ergas rase psnrb,hopskipnan20010000100100_succ,gen_list_hopskip,hopskip,cifar,,conv12,0.026327886718846318
exp_3190,success_rate,Linf L0 mse uqi ergas rase psnrb,hopskipnan30010000100100_succ,gen_list_hopskip,hopskip,cifar,,conv12,0.01775307936533902
exp_3190,success_rate,Linf L0 mse uqi ergas rase psnrb,jsma0.11.0_succ,gen_list_jsma,jsma,cifar,,conv12,0.0564806840162377
exp_3190,success_rate,Linf L0 mse uqi ergas rase psnrb,jsma0.10.8_succ,gen_list_jsma,jsma,cifar,,conv12,0.046412947361293394
exp_3190,success_rate,Linf L0 mse uqi ergas rase psnrb,jsma0.10.6_succ,gen_list_jsma,jsma,cifar,,conv12,0.05259055814930001
exp_3190,success_rate,Linf L0 mse uqi ergas rase psnrb,jsma0.10.4_succ,gen_list_jsma,jsma,cifar,,conv12,0.05219103567095436
exp_3190,success_rate,Linf L0 mse uqi ergas rase psnrb,jsma0.10.2_succ,gen_list_jsma,jsma,cifar,,conv12,0.12058161036477463
exp_3190,success_rate,Linf L0 mse uqi ergas rase psnrb,jsma0.10.2_miss,gen_list_jsma,jsma,cifar,,conv12,0.09998267800989043
exp_3190,success_rate,Linf L0 mse uqi ergas rase psnrb,jsma0.20.8_succ,gen_list_jsma,jsma,cifar,,conv12,0.045919891087326296
exp_3190,success_rate,Linf L0 mse uqi ergas rase psnrb,jsma0.20.6_succ,gen_list_jsma,jsma,cifar,,conv12,0.052045525984010514
exp_3190,success_rate,Linf L0 mse uqi ergas rase psnrb,jsma0.20.4_succ,gen_list_jsma,jsma,cifar,,conv12,0.13758795714156424
exp_3190,success_rate,Linf L0 mse uqi ergas rase psnrb,jsma0.20.2_succ,gen_list_jsma,jsma,cifar,,conv12,0.051854662596341104
exp_3190,success_rate,Linf L0 mse uqi ergas rase psnrb,jsma0.41.0_succ,gen_list_jsma,jsma,cifar,,conv12,0.05131361826934694
exp_3190,success_rate,Linf L0 mse uqi ergas rase psnrb,jsma0.40.8_succ,gen_list_jsma,jsma,cifar,,conv12,0.039919120575988155
exp_3190,success_rate,Linf L0 mse uqi ergas rase psnrb,jsma0.40.6_succ,gen_list_jsma,jsma,cifar,,conv12,0.04625701201771337
exp_3190,success_rate,Linf L0 mse uqi ergas rase psnrb,jsma0.40.4_succ,gen_list_jsma,jsma,cifar,,conv12,0.13609370328774884
exp_3190,success_rate,Linf L0 mse uqi ergas rase psnrb,jsma0.40.2_succ,gen_list_jsma,jsma,cifar,,conv12,0.05270780366883432
exp_3190,success_rate,Linf L0 mse uqi ergas rase psnrb,jsma0.61.0_succ,gen_list_jsma,jsma,cifar,,conv12,0.03893743877733768
exp_3190,success_rate,Linf L0 mse uqi ergas rase psnrb,jsma0.60.8_succ,gen_list_jsma,jsma,cifar,,conv12,0.04412189007921017
exp_3190,success_rate,Linf L0 mse uqi ergas rase psnrb,jsma0.60.6_succ,gen_list_jsma,jsma,cifar,,conv12,0.03267903714738715
exp_3190,success_rate,Linf L0 mse uqi ergas rase psnrb,jsma0.60.4_succ,gen_list_jsma,jsma,cifar,,conv12,0.04290163092633954
exp_3190,success_rate,Linf L0 mse uqi ergas rase psnrb,jsma0.60.2_succ,gen_list_jsma,jsma,cifar,,conv12,0.11155343298500311
exp_3190,success_rate,Linf L0 mse uqi ergas rase psnrb,jsma0.81.0_succ,gen_list_jsma,jsma,cifar,,conv12,0.04917162295897115
exp_3190,success_rate,Linf L0 mse uqi ergas rase psnrb,jsma0.80.8_succ,gen_list_jsma,jsma,cifar,,conv12,0.028943653594126165
exp_3190,success_rate,Linf L0 mse uqi ergas rase psnrb,jsma0.80.6_succ,gen_list_jsma,jsma,cifar,,conv12,0.03557775384830706
exp_3190,success_rate,Linf L0 mse uqi ergas rase psnrb,jsma0.80.4_succ,gen_list_jsma,jsma,cifar,,conv12,0.04895532979564722
exp_3190,success_rate,Linf L0 mse uqi ergas rase psnrb,jsma0.80.2_succ,gen_list_jsma,jsma,cifar,,conv12,0.1876951422317025
exp_3190,success_rate,Linf L0 mse uqi ergas rase psnrb,jsma0.80.2_miss,gen_list_jsma,jsma,cifar,,conv12,0.09868267695834526
exp_3190,success_rate,Linf L0 mse uqi ergas rase psnrb,jsma1.01.0_succ,gen_list_jsma,jsma,cifar,,conv12,0.02515736392320411
exp_3190,success_rate,Linf L0 mse uqi ergas rase psnrb,jsma1.00.8_succ,gen_list_jsma,jsma,cifar,,conv12,0.025306065861214106
exp_3190,success_rate,Linf L0 mse uqi ergas rase psnrb,jsma1.00.6_succ,gen_list_jsma,jsma,cifar,,conv12,0.05187528439197729
exp_3190,success_rate,Linf L0 mse uqi ergas rase psnrb,jsma1.00.4_succ,gen_list_jsma,jsma,cifar,,conv12,0.036054997131403886
exp_3190,success_rate,Linf L0 mse uqi ergas rase psnrb,jsma1.00.2_succ,gen_list_jsma,jsma,cifar,,conv12,0.02135104843698368
exp_3190,success_rate,Linf L0 mse uqi ergas rase psnrb,jsma5.01.0_succ,gen_list_jsma,jsma,cifar,,conv12,0.03334645537526004
exp_3190,success_rate,Linf L0 mse uqi ergas rase psnrb,jsma5.00.8_succ,gen_list_jsma,jsma,cifar,,conv12,0.03965945825611322
exp_3190,success_rate,Linf L0 mse uqi ergas rase psnrb,jsma5.00.6_succ,gen_list_jsma,jsma,cifar,,conv12,0.027391295079610398
exp_3190,success_rate,Linf L0 mse uqi ergas rase psnrb,jsma5.00.6_miss,gen_list_jsma,jsma,cifar,,conv12,0.004468120601112931
exp_3190,success_rate,Linf L0 mse uqi ergas rase psnrb,jsma5.00.4_succ,gen_list_jsma,jsma,cifar,,conv12,0.030188549548190745
exp_3190,success_rate,Linf L0 mse uqi ergas rase psnrb,jsma5.00.2_succ,gen_list_jsma,jsma,cifar,,conv12,0.03210298560363093
exp_3190,success_rate,Linf L0 mse uqi ergas rase psnrb,jsma0.011.0_succ,gen_list_jsma,jsma,cifar,,conv12,0.07028110775572471
exp_3190,success_rate,Linf L0 mse uqi ergas rase psnrb,jsma0.010.8_succ,gen_list_jsma,jsma,cifar,,conv12,0.09035139603943973
exp_3190,success_rate,Linf L0 mse uqi ergas rase psnrb,jsma0.010.6_succ,gen_list_jsma,jsma,cifar,,conv12,0.05097705439374617
exp_3190,success_rate,Linf L0 mse uqi ergas rase psnrb,jsma0.010.4_succ,gen_list_jsma,jsma,cifar,,conv12,0.05421177319404922
exp_3190,success_rate,Linf L0 mse uqi ergas rase psnrb,jsma0.010.2_succ,gen_list_jsma,jsma,cifar,,conv12,0.12925876304276765
exp_3190,success_rate,Linf L0 mse uqi ergas rase psnrb,jsma0.0011.0_succ,gen_list_jsma,jsma,cifar,,conv12,0.04232645480072811
exp_3190,success_rate,Linf L0 mse uqi ergas rase psnrb,uni0.11000.9inf_succ,gen_list_uni_inf,uni,cifar,,conv12,0.005908633982101899
exp_3190,success_rate,Linf L0 mse uqi ergas rase psnrb,uni0.11000.9inf_miss,gen_list_uni_inf,uni,cifar,,conv12,0.014194112505548931
exp_3190,success_rate,Linf L0 mse uqi ergas rase psnrb,uni0.11000.7inf_succ,gen_list_uni_inf,uni,cifar,,conv12,0.013965492668531086
exp_3190,success_rate,Linf L0 mse uqi ergas rase psnrb,uni0.11000.7inf_miss,gen_list_uni_inf,uni,cifar,,conv12,0.01918784733653754
exp_3190,success_rate,Linf L0 mse uqi ergas rase psnrb,uni0.11000.5inf_succ,gen_list_uni_inf,uni,cifar,,conv12,0.013567764670085396
exp_3190,success_rate,Linf L0 mse uqi ergas rase psnrb,uni0.11000.5inf_miss,gen_list_uni_inf,uni,cifar,,conv12,0.03856394515688251
exp_3190,success_rate,Linf L0 mse uqi ergas rase psnrb,uni0.11000.2inf_succ,gen_list_uni_inf,uni,cifar,,conv12,0.04361675673980391
exp_3190,success_rate,Linf L0 mse uqi ergas rase psnrb,uni0.11000.2inf_miss,gen_list_uni_inf,uni,cifar,,conv12,0.0060222917490556395
exp_3190,success_rate,Linf L0 mse uqi ergas rase psnrb,uni0.41000.9inf_succ,gen_list_uni_inf,uni,cifar,,conv12,0.020161113936152476
exp_3190,success_rate,Linf L0 mse uqi ergas rase psnrb,uni0.41000.9inf_miss,gen_list_uni_inf,uni,cifar,,conv12,0.010789435110454342
exp_3190,success_rate,Linf L0 mse uqi ergas rase psnrb,uni0.41000.7inf_succ,gen_list_uni_inf,uni,cifar,,conv12,0.011707229496388388
exp_3190,success_rate,Linf L0 mse uqi ergas rase psnrb,uni0.41000.7inf_miss,gen_list_uni_inf,uni,cifar,,conv12,0.020510384826325518
exp_3190,success_rate,Linf L0 mse uqi ergas rase psnrb,uni0.41000.5inf_succ,gen_list_uni_inf,uni,cifar,,conv12,0.027705524432095684
exp_3190,success_rate,Linf L0 mse uqi ergas rase psnrb,uni0.41000.5inf_miss,gen_list_uni_inf,uni,cifar,,conv12,0.02608931449427304
exp_3190,success_rate,Linf L0 mse uqi ergas rase psnrb,uni0.41000.2inf_succ,gen_list_uni_inf,uni,cifar,,conv12,0.08837086140319828
exp_3190,success_rate,Linf L0 mse uqi ergas rase psnrb,uni0.41000.2inf_miss,gen_list_uni_inf,uni,cifar,,conv12,0.020452274545275085
exp_3190,success_rate,Linf L0 mse uqi ergas rase psnrb,uni0.71000.9inf_succ,gen_list_uni_inf,uni,cifar,,conv12,0.013123760492561145
exp_3190,success_rate,Linf L0 mse uqi ergas rase psnrb,uni0.71000.9inf_miss,gen_list_uni_inf,uni,cifar,,conv12,0.01521125941110453
exp_3190,success_rate,Linf L0 mse uqi ergas rase psnrb,uni0.71000.7inf_succ,gen_list_uni_inf,uni,cifar,,conv12,0.015428824527798079
exp_3190,success_rate,Linf L0 mse uqi ergas rase psnrb,uni0.71000.7inf_miss,gen_list_uni_inf,uni,cifar,,conv12,0.03095806293546023
exp_3190,success_rate,Linf L0 mse uqi ergas rase psnrb,uni0.71000.5inf_succ,gen_list_uni_inf,uni,cifar,,conv12,0.011045350920962545
exp_3190,success_rate,Linf L0 mse uqi ergas rase psnrb,uni0.71000.5inf_miss,gen_list_uni_inf,uni,cifar,,conv12,0.015057371916116254
exp_3190,success_rate,Linf L0 mse uqi ergas rase psnrb,uni0.71000.2inf_succ,gen_list_uni_inf,uni,cifar,,conv12,0.0371749704139913
exp_3190,success_rate,Linf L0 mse uqi ergas rase psnrb,uni0.71000.2inf_miss,gen_list_uni_inf,uni,cifar,,conv12,0.015209435182435095
exp_3190,success_rate,Linf L0 mse uqi ergas rase psnrb,uni1.01000.9inf_succ,gen_list_uni_inf,uni,cifar,,conv12,0.011069692185236506
exp_3190,success_rate,Linf L0 mse uqi ergas rase psnrb,uni1.01000.9inf_miss,gen_list_uni_inf,uni,cifar,,conv12,0.019076605109155795
exp_3190,success_rate,Linf L0 mse uqi ergas rase psnrb,uni1.01000.7inf_succ,gen_list_uni_inf,uni,cifar,,conv12,0.02095884783955978
exp_3190,success_rate,Linf L0 mse uqi ergas rase psnrb,uni1.01000.7inf_miss,gen_list_uni_inf,uni,cifar,,conv12,0.023889787841451175
exp_3190,success_rate,Linf L0 mse uqi ergas rase psnrb,uni1.01000.5inf_succ,gen_list_uni_inf,uni,cifar,,conv12,0.013105952776503279
exp_3190,success_rate,Linf L0 mse uqi ergas rase psnrb,uni1.01000.5inf_miss,gen_list_uni_inf,uni,cifar,,conv12,0.040083418395990326
exp_3190,success_rate,Linf L0 mse uqi ergas rase psnrb,uni1.01000.2inf_succ,gen_list_uni_inf,uni,cifar,,conv12,0.051686964689491396
exp_3190,success_rate,Linf L0 mse uqi ergas rase psnrb,uni1.01000.2inf_miss,gen_list_uni_inf,uni,cifar,,conv12,0.011465289207760016
exp_3190,success_rate,Linf L0 mse uqi ergas rase psnrb,uni5.01000.9inf_succ,gen_list_uni_inf,uni,cifar,,conv12,0.0153563708542745
exp_3190,success_rate,Linf L0 mse uqi ergas rase psnrb,uni5.01000.9inf_miss,gen_list_uni_inf,uni,cifar,,conv12,0.014774916732548767
exp_3190,success_rate,Linf L0 mse uqi ergas rase psnrb,uni5.01000.7inf_succ,gen_list_uni_inf,uni,cifar,,conv12,0.011044859694341217
exp_3190,success_rate,Linf L0 mse uqi ergas rase psnrb,uni5.01000.7inf_miss,gen_list_uni_inf,uni,cifar,,conv12,0.03581958739234171
exp_3190,success_rate,Linf L0 mse uqi ergas rase psnrb,uni5.01000.5inf_succ,gen_list_uni_inf,uni,cifar,,conv12,0.003810940961250457
exp_3190,success_rate,Linf L0 mse uqi ergas rase psnrb,uni5.01000.5inf_miss,gen_list_uni_inf,uni,cifar,,conv12,0.015508828917345726
exp_3190,success_rate,Linf L0 mse uqi ergas rase psnrb,uni5.01000.2inf_succ,gen_list_uni_inf,uni,cifar,,conv12,0.03647019958373289
exp_3190,success_rate,Linf L0 mse uqi ergas rase psnrb,uni5.01000.2inf_miss,gen_list_uni_inf,uni,cifar,,conv12,0.03296414477670463
exp_3190,success_rate,Linf L0 mse uqi ergas rase psnrb,uni10.01000.9inf_succ,gen_list_uni_inf,uni,cifar,,conv12,0.020098033226688437
exp_3190,success_rate,Linf L0 mse uqi ergas rase psnrb,uni10.01000.9inf_miss,gen_list_uni_inf,uni,cifar,,conv12,0.02859429981988395
exp_3190,success_rate,Linf L0 mse uqi ergas rase psnrb,uni10.01000.7inf_succ,gen_list_uni_inf,uni,cifar,,conv12,0.015118896858745403
exp_3190,success_rate,Linf L0 mse uqi ergas rase psnrb,uni10.01000.7inf_miss,gen_list_uni_inf,uni,cifar,,conv12,0.01403470362172961
exp_3190,success_rate,Linf L0 mse uqi ergas rase psnrb,uni10.01000.5inf_succ,gen_list_uni_inf,uni,cifar,,conv12,0.010317788818436185
exp_3190,success_rate,Linf L0 mse uqi ergas rase psnrb,uni10.01000.5inf_miss,gen_list_uni_inf,uni,cifar,,conv12,0.038361694285170736
exp_3190,success_rate,Linf L0 mse uqi ergas rase psnrb,uni10.01000.2inf_succ,gen_list_uni_inf,uni,cifar,,conv12,0.012363725391704971
exp_3190,success_rate,Linf L0 mse uqi ergas rase psnrb,uni10.01000.2inf_miss,gen_list_uni_inf,uni,cifar,,conv12,0.04601080037448223
exp_3190,success_rate,Linf L0 mse uqi ergas rase psnrb,uni15.01000.9inf_succ,gen_list_uni_inf,uni,cifar,,conv12,0.02451912858196192
exp_3190,success_rate,Linf L0 mse uqi ergas rase psnrb,uni15.01000.9inf_miss,gen_list_uni_inf,uni,cifar,,conv12,0.019801376491364337
exp_3190,success_rate,Linf L0 mse uqi ergas rase psnrb,uni15.01000.7inf_succ,gen_list_uni_inf,uni,cifar,,conv12,0.006437373281448625
exp_3190,success_rate,Linf L0 mse uqi ergas rase psnrb,uni15.01000.7inf_miss,gen_list_uni_inf,uni,cifar,,conv12,0.020711302839663208
exp_3190,success_rate,Linf L0 mse uqi ergas rase psnrb,uni15.01000.5inf_succ,gen_list_uni_inf,uni,cifar,,conv12,0.019515577571676313
exp_3190,success_rate,Linf L0 mse uqi ergas rase psnrb,uni15.01000.5inf_miss,gen_list_uni_inf,uni,cifar,,conv12,0.02347299658481009
exp_3190,success_rate,Linf L0 mse uqi ergas rase psnrb,uni15.01000.2inf_succ,gen_list_uni_inf,uni,cifar,,conv12,0.05738947830159815
exp_3190,success_rate,Linf L0 mse uqi ergas rase psnrb,uni15.01000.2inf_miss,gen_list_uni_inf,uni,cifar,,conv12,0.013966927502871651
exp_3190,success_rate,Linf L0 mse uqi ergas rase psnrb,uni20.01000.9inf_succ,gen_list_uni_inf,uni,cifar,,conv12,0.00930435382232161
exp_3190,success_rate,Linf L0 mse uqi ergas rase psnrb,uni20.01000.9inf_miss,gen_list_uni_inf,uni,cifar,,conv12,0.02896732899963337
exp_3190,success_rate,Linf L0 mse uqi ergas rase psnrb,uni20.01000.7inf_succ,gen_list_uni_inf,uni,cifar,,conv12,0.029555255957047714
exp_3190,success_rate,Linf L0 mse uqi ergas rase psnrb,uni20.01000.7inf_miss,gen_list_uni_inf,uni,cifar,,conv12,0.015799226031272248
exp_3190,success_rate,Linf L0 mse uqi ergas rase psnrb,uni20.01000.5inf_succ,gen_list_uni_inf,uni,cifar,,conv12,0.020551705964563485
exp_3190,success_rate,Linf L0 mse uqi ergas rase psnrb,uni20.01000.5inf_miss,gen_list_uni_inf,uni,cifar,,conv12,0.01754789116349247
exp_3190,success_rate,Linf L0 mse uqi ergas rase psnrb,uni20.01000.2inf_succ,gen_list_uni_inf,uni,cifar,,conv12,0.01119356480785251
exp_3190,success_rate,Linf L0 mse uqi ergas rase psnrb,uni20.01000.2inf_miss,gen_list_uni_inf,uni,cifar,,conv12,0.0077754631938386455
